 9.00000000e-05  2.47081625e+00  9.00000000e-05  2.95896554e-01  9.00000000e-05  2.95896554e-01  9.00000000e-05  2.66258161e+00  9.00000000e-05  1.15159676e+00  9.00000000e-05  1.15159676e+00  9.00000000e-05  9.42994498e-01 
 1.80000000e-04  2.47075505e+00  1.80000000e-04  2.95896554e-01  1.80000000e-04  2.95896554e-01  1.80000000e-04  2.66258161e+00  1.80000000e-04  1.15159676e+00  1.80000000e-04  1.15159676e+00  1.80000000e-04  9.42994501e-01 
 3.60000000e-04  2.47075510e+00  3.60000000e-04  2.95896554e-01  3.60000000e-04  2.95896554e-01  3.60000000e-04  2.66258152e+00  3.60000000e-04  1.15159674e+00  3.60000000e-04  1.15159674e+00  3.60000000e-04  9.42994480e-01 
 7.20000000e-04  2.47075505e+00  7.20000000e-04  2.95896554e-01  7.20000000e-04  2.95896554e-01  7.20000000e-04  2.66258152e+00  7.20000000e-04  1.15159674e+00  7.20000000e-04  1.15159674e+00  7.20000000e-04  9.42994480e-01 
 1.44000000e-03  2.47075505e+00  1.44000000e-03  2.95896554e-01  1.44000000e-03  2.95896554e-01  1.44000000e-03  2.66258152e+00  1.44000000e-03  1.15159674e+00  1.44000000e-03  1.15159674e+00  1.44000000e-03  9.42994480e-01 
 2.88000000e-03  2.47075505e+00  2.88000000e-03  2.95896554e-01  2.88000000e-03  2.95896554e-01  2.88000000e-03  2.66258152e+00  2.88000000e-03  1.15159674e+00  2.88000000e-03  1.15159674e+00  2.88000000e-03  9.42994480e-01 
 5.76000000e-03  2.47075505e+00  5.76000000e-03  2.95896554e-01  5.76000000e-03  2.95896554e-01  5.76000000e-03  2.66258152e+00  5.76000000e-03  1.15159674e+00  5.76000000e-03  1.15159674e+00  5.76000000e-03  9.42994480e-01 
 1.15200000e-02  2.47075505e+00  1.15200000e-02  2.95896554e-01  1.15200000e-02  2.95896554e-01  1.15200000e-02  2.66258152e+00  1.15200000e-02  1.15159674e+00  1.15200000e-02  1.15159674e+00  1.15200000e-02  9.42994480e-01 
 2.30400000e-02  2.47075505e+00  2.30400000e-02  2.95896554e-01  2.30400000e-02  2.95896554e-01  2.30400000e-02  2.66258152e+00  2.30400000e-02  1.15159674e+00  2.30400000e-02  1.15159674e+00  2.30400000e-02  9.42994480e-01 
 3.65200000e-02  2.47075505e+00  3.65200000e-02  2.95896554e-01  3.65200000e-02  2.95896554e-01  3.65200000e-02  2.66258152e+00  3.65200000e-02  1.15159674e+00  3.65200000e-02  1.15159674e+00  3.65200000e-02  9.42994480e-01 
 5.00000000e-02  2.47075505e+00  5.00000000e-02  2.95896554e-01  5.00000000e-02  2.95896554e-01  5.00000000e-02  2.66258152e+00  5.00000000e-02  1.15159674e+00  5.00000000e-02  1.15159674e+00  5.00000000e-02  9.42994480e-01 
 5.18000000e-02  2.47075505e+00  5.18000000e-02  2.95896554e-01  5.18000000e-02  2.95896554e-01  5.18000000e-02  2.66258152e+00  5.18000000e-02  1.15159674e+00  5.18000000e-02  1.15159674e+00  5.18000000e-02  9.42994480e-01 
 5.54000000e-02  2.47075505e+00  5.54000000e-02  2.95896554e-01  5.54000000e-02  2.95896554e-01  5.54000000e-02  2.66258152e+00  5.54000000e-02  1.15159674e+00  5.54000000e-02  1.15159674e+00  5.54000000e-02  9.42994480e-01 
 6.26000000e-02  2.47075505e+00  6.26000000e-02  2.95896554e-01  6.26000000e-02  2.95896554e-01  6.26000000e-02  2.66258152e+00  6.26000000e-02  1.15159674e+00  6.26000000e-02  1.15159674e+00  6.26000000e-02  9.42994480e-01 
 7.70000000e-02  2.47075505e+00  7.70000000e-02  2.95896554e-01  7.70000000e-02  2.95896554e-01  7.70000000e-02  2.66258152e+00  7.70000000e-02  1.15159674e+00  7.70000000e-02  1.15159674e+00  7.70000000e-02  9.42994480e-01 
 9.50000000e-02  2.47075505e+00  9.50000000e-02  2.95896554e-01  9.50000000e-02  2.95896554e-01  9.50000000e-02  2.66258152e+00  9.50000000e-02  1.15159674e+00  9.50000000e-02  1.15159674e+00  9.50000000e-02  9.42994480e-01 
 1.13000000e-01  2.47075505e+00  1.13000000e-01  2.95896554e-01  1.13000000e-01  2.95896554e-01  1.13000000e-01  2.66258152e+00  1.13000000e-01  1.15159674e+00  1.13000000e-01  1.15159674e+00  1.13000000e-01  9.42994480e-01 
 1.31000000e-01  2.47075505e+00  1.31000000e-01  2.95896554e-01  1.31000000e-01  2.95896554e-01  1.31000000e-01  2.66258152e+00  1.31000000e-01  1.15159674e+00  1.31000000e-01  1.15159674e+00  1.31000000e-01  9.42994480e-01 
 1.49000000e-01  2.47075505e+00  1.49000000e-01  2.95896554e-01  1.49000000e-01  2.95896554e-01  1.49000000e-01  2.66258152e+00  1.49000000e-01  1.15159674e+00  1.49000000e-01  1.15159674e+00  1.49000000e-01  9.42994480e-01 
 1.67000000e-01  2.47075505e+00  1.67000000e-01  2.95896554e-01  1.67000000e-01  2.95896554e-01  1.67000000e-01  2.66258152e+00  1.67000000e-01  1.15159674e+00  1.67000000e-01  1.15159674e+00  1.67000000e-01  9.42994480e-01 
 1.85000000e-01  2.47075505e+00  1.85000000e-01  2.95896554e-01  1.85000000e-01  2.95896554e-01  1.85000000e-01  2.66258152e+00  1.85000000e-01  1.15159674e+00  1.85000000e-01  1.15159674e+00  1.85000000e-01  9.42994480e-01 
 2.03000000e-01  2.47075505e+00  2.03000000e-01  2.95896554e-01  2.03000000e-01  2.95896554e-01  2.03000000e-01  2.66258152e+00  2.03000000e-01  1.15159674e+00  2.03000000e-01  1.15159674e+00  2.03000000e-01  9.42994480e-01 
 2.21000000e-01  2.47075505e+00  2.21000000e-01  2.95896554e-01  2.21000000e-01  2.95896554e-01  2.21000000e-01  2.66258152e+00  2.21000000e-01  1.15159674e+00  2.21000000e-01  1.15159674e+00  2.21000000e-01  9.42994480e-01 
 2.35500000e-01  2.47075505e+00  2.35500000e-01  2.95896554e-01  2.35500000e-01  2.95896554e-01  2.35500000e-01  2.66258152e+00  2.35500000e-01  1.15159674e+00  2.35500000e-01  1.15159674e+00  2.35500000e-01  9.42994480e-01 
 2.50000000e-01  2.47075505e+00  2.50000000e-01  2.95896554e-01  2.50000000e-01  2.95896554e-01  2.50000000e-01  2.66258152e+00  2.50000000e-01  1.15159674e+00  2.50000000e-01  1.15159674e+00  2.50000000e-01  9.42994480e-01 
 2.51800000e-01  2.44588636e+00  2.51800000e-01  3.25143932e-01  2.51800000e-01  2.88042244e-01  2.51800000e-01  2.65551937e+00  2.51800000e-01  1.21937444e+00  2.51800000e-01  1.13078525e+00  2.51800000e-01  9.57705088e-01 
 2.55400000e-01  2.34804894e+00  2.55400000e-01  4.10427551e-01  2.55400000e-01  2.74648820e-01  2.55400000e-01  2.63994179e+00  2.55400000e-01  1.37082253e+00  2.55400000e-01  1.09246084e+00  2.55400000e-01  9.91631546e-01 
 2.62600000e-01  1.98148110e+00  2.62600000e-01  7.01208870e-01  2.62600000e-01  2.51921123e-01  2.62600000e-01  2.60000378e+00  2.62600000e-01  1.72479567e+00  2.62600000e-01  1.02982526e+00  2.62600000e-01  1.07440917e+00 
 2.77000000e-01  1.18087329e+00  2.77000000e-01  1.39108884e+00  2.77000000e-01  2.35307078e-01  2.77000000e-01  2.28750531e+00  2.77000000e-01  2.47671505e+00  2.77000000e-01  1.00521815e+00  2.77000000e-01  1.18562812e+00 
 2.88500000e-01  6.54354323e-01  2.88500000e-01  2.04314229e+00  2.88500000e-01  2.55276224e-01  2.88500000e-01  1.66756123e+00  2.88500000e-01  2.60833559e+00  2.88500000e-01  1.03807772e+00  2.88500000e-01  1.06108762e+00 
 3.00000000e-01  2.95759761e-01  3.00000000e-01  2.47116488e+00  3.00000000e-01  2.95896547e-01  3.00000000e-01  1.15159676e+00  3.00000000e-01  2.66258160e+00  3.00000000e-01  1.15159676e+00  3.00000000e-01  9.42994497e-01 
 3.01800000e-01  2.95758056e-01  3.01800000e-01  2.47113539e+00  3.01800000e-01  2.95895216e-01  3.01800000e-01  1.15159662e+00  3.01800000e-01  2.66258215e+00  3.01800000e-01  1.15159689e+00  3.01800000e-01  9.42994681e-01 
 3.05400000e-01  2.95896489e-01  3.05400000e-01  2.47075536e+00  3.05400000e-01  2.95896554e-01  3.05400000e-01  1.15159674e+00  3.05400000e-01  2.66258152e+00  3.05400000e-01  1.15159674e+00  3.05400000e-01  9.42994480e-01 
 3.12600000e-01  2.95896306e-01  3.12600000e-01  2.47075679e+00  3.12600000e-01  2.95896554e-01  3.12600000e-01  1.15159674e+00  3.12600000e-01  2.66258152e+00  3.12600000e-01  1.15159674e+00  3.12600000e-01  9.42994480e-01 
 3.27000000e-01  2.95896554e-01  3.27000000e-01  2.47075505e+00  3.27000000e-01  2.95896554e-01  3.27000000e-01  1.15159674e+00  3.27000000e-01  2.66258152e+00  3.27000000e-01  1.15159674e+00  3.27000000e-01  9.42994480e-01 
 3.45000000e-01  2.95896554e-01  3.45000000e-01  2.47075505e+00  3.45000000e-01  2.95896554e-01  3.45000000e-01  1.15159674e+00  3.45000000e-01  2.66258152e+00  3.45000000e-01  1.15159674e+00  3.45000000e-01  9.42994480e-01 
 3.63000000e-01  2.95896554e-01  3.63000000e-01  2.47075505e+00  3.63000000e-01  2.95896554e-01  3.63000000e-01  1.15159674e+00  3.63000000e-01  2.66258152e+00  3.63000000e-01  1.15159674e+00  3.63000000e-01  9.42994480e-01 
 3.81000000e-01  2.95896554e-01  3.81000000e-01  2.47075505e+00  3.81000000e-01  2.95896554e-01  3.81000000e-01  1.15159674e+00  3.81000000e-01  2.66258152e+00  3.81000000e-01  1.15159674e+00  3.81000000e-01  9.42994480e-01 
 3.99000000e-01  2.95896554e-01  3.99000000e-01  2.47075505e+00  3.99000000e-01  2.95896554e-01  3.99000000e-01  1.15159674e+00  3.99000000e-01  2.66258152e+00  3.99000000e-01  1.15159674e+00  3.99000000e-01  9.42994480e-01 
 4.17000000e-01  2.95896554e-01  4.17000000e-01  2.47075505e+00  4.17000000e-01  2.95896554e-01  4.17000000e-01  1.15159674e+00  4.17000000e-01  2.66258152e+00  4.17000000e-01  1.15159674e+00  4.17000000e-01  9.42994480e-01 
 4.35000000e-01  2.95896554e-01  4.35000000e-01  2.47075505e+00  4.35000000e-01  2.95896554e-01  4.35000000e-01  1.15159674e+00  4.35000000e-01  2.66258152e+00  4.35000000e-01  1.15159674e+00  4.35000000e-01  9.42994480e-01 
 4.53000000e-01  2.95896554e-01  4.53000000e-01  2.47075505e+00  4.53000000e-01  2.95896554e-01  4.53000000e-01  1.15159674e+00  4.53000000e-01  2.66258152e+00  4.53000000e-01  1.15159674e+00  4.53000000e-01  9.42994480e-01 
 4.71000000e-01  2.95896554e-01  4.71000000e-01  2.47075505e+00  4.71000000e-01  2.95896554e-01  4.71000000e-01  1.15159674e+00  4.71000000e-01  2.66258152e+00  4.71000000e-01  1.15159674e+00  4.71000000e-01  9.42994480e-01 
 4.89000000e-01  2.95896554e-01  4.89000000e-01  2.47075505e+00  4.89000000e-01  2.95896554e-01  4.89000000e-01  1.15159674e+00  4.89000000e-01  2.66258152e+00  4.89000000e-01  1.15159674e+00  4.89000000e-01  9.42994480e-01 
 5.07000000e-01  2.95896554e-01  5.07000000e-01  2.47075505e+00  5.07000000e-01  2.95896554e-01  5.07000000e-01  1.15159674e+00  5.07000000e-01  2.66258152e+00  5.07000000e-01  1.15159674e+00  5.07000000e-01  9.42994480e-01 
 5.25000000e-01  2.95896554e-01  5.25000000e-01  2.47075505e+00  5.25000000e-01  2.95896554e-01  5.25000000e-01  1.15159674e+00  5.25000000e-01  2.66258152e+00  5.25000000e-01  1.15159674e+00  5.25000000e-01  9.42994480e-01 
 5.37500000e-01  2.95896554e-01  5.37500000e-01  2.47075505e+00  5.37500000e-01  2.95896554e-01  5.37500000e-01  1.15159674e+00  5.37500000e-01  2.66258152e+00  5.37500000e-01  1.15159674e+00  5.37500000e-01  9.42994480e-01 
 5.50000000e-01  2.95896554e-01  5.50000000e-01  2.47075505e+00  5.50000000e-01  2.95896554e-01  5.50000000e-01  1.15159674e+00  5.50000000e-01  2.66258152e+00  5.50000000e-01  1.15159674e+00  5.50000000e-01  9.42994480e-01 
 5.51800000e-01  3.03986743e-01  5.51800000e-01  2.45412603e+00  5.51800000e-01  3.03986743e-01  5.51800000e-01  1.16858428e+00  5.51800000e-01  2.65711072e+00  5.51800000e-01  1.16858428e+00  5.51800000e-01  9.52797709e-01 
 5.55400000e-01  3.20647538e-01  5.55400000e-01  2.41009487e+00  5.55400000e-01  3.20647538e-01  5.55400000e-01  1.20615840e+00  5.55400000e-01  2.64552458e+00  5.55400000e-01  1.20615840e+00  5.55400000e-01  9.74184428e-01 
 5.62600000e-01  3.55858089e-01  5.62600000e-01  2.21233896e+00  5.62600000e-01  3.55858089e-01  5.62600000e-01  1.29409431e+00  5.62600000e-01  2.61913788e+00  5.62600000e-01  1.29409431e+00  5.62600000e-01  1.02336652e+00 
 5.77000000e-01  4.38022413e-01  5.77000000e-01  1.67560816e+00  5.77000000e-01  4.38022413e-01  5.77000000e-01  1.50773137e+00  5.77000000e-01  2.53968521e+00  5.77000000e-01  1.50773137e+00  5.77000000e-01  1.13971569e+00 
 5.88500000e-01  5.54560973e-01  5.88500000e-01  1.19482129e+00  5.88500000e-01  5.54560973e-01  5.88500000e-01  1.67953073e+00  5.88500000e-01  2.30034864e+00  5.88500000e-01  1.67953073e+00  5.88500000e-01  1.20075699e+00 
 6.00000000e-01  7.55231859e-01  6.00000000e-01  7.55231859e-01  6.00000000e-01  7.55231859e-01  6.00000000e-01  1.87299321e+00  6.00000000e-01  1.87299321e+00  6.00000000e-01  1.87299321e+00  6.00000000e-01  1.20371677e+00 
 6.01800000e-01  7.55232025e-01  6.01800000e-01  7.55231991e-01  6.01800000e-01  7.55232025e-01  6.01800000e-01  1.87299335e+00  6.01800000e-01  1.87299331e+00  6.01800000e-01  1.87299335e+00  6.01800000e-01  1.20371673e+00 
 6.05400000e-01  7.55231856e-01  6.05400000e-01  7.55231856e-01  6.05400000e-01  7.55231856e-01  6.05400000e-01  1.87299320e+00  6.05400000e-01  1.87299320e+00  6.05400000e-01  1.87299320e+00  6.05400000e-01  1.20371676e+00 
 6.12600000e-01  7.55231856e-01  6.12600000e-01  7.55231856e-01  6.12600000e-01  7.55231856e-01  6.12600000e-01  1.87299320e+00  6.12600000e-01  1.87299320e+00  6.12600000e-01  1.87299320e+00  6.12600000e-01  1.20371676e+00 
 6.27000000e-01  7.55231856e-01  6.27000000e-01  7.55231856e-01  6.27000000e-01  7.55231856e-01  6.27000000e-01  1.87299320e+00  6.27000000e-01  1.87299320e+00  6.27000000e-01  1.87299320e+00  6.27000000e-01  1.20371676e+00 
 6.45000000e-01  7.55231856e-01  6.45000000e-01  7.55231856e-01  6.45000000e-01  7.55231856e-01  6.45000000e-01  1.87299320e+00  6.45000000e-01  1.87299320e+00  6.45000000e-01  1.87299320e+00  6.45000000e-01  1.20371676e+00 
 6.63000000e-01  7.55231856e-01  6.63000000e-01  7.55231856e-01  6.63000000e-01  7.55231856e-01  6.63000000e-01  1.87299320e+00  6.63000000e-01  1.87299320e+00  6.63000000e-01  1.87299320e+00  6.63000000e-01  1.20371676e+00 
 6.81000000e-01  7.55231856e-01  6.81000000e-01  7.55231856e-01  6.81000000e-01  7.55231856e-01  6.81000000e-01  1.87299320e+00  6.81000000e-01  1.87299320e+00  6.81000000e-01  1.87299320e+00  6.81000000e-01  1.20371676e+00 
 6.99000000e-01  7.55231856e-01  6.99000000e-01  7.55231856e-01  6.99000000e-01  7.55231856e-01  6.99000000e-01  1.87299320e+00  6.99000000e-01  1.87299320e+00  6.99000000e-01  1.87299320e+00  6.99000000e-01  1.20371676e+00 
 7.17000000e-01  7.55231856e-01  7.17000000e-01  7.55231856e-01  7.17000000e-01  7.55231856e-01  7.17000000e-01  1.87299320e+00  7.17000000e-01  1.87299320e+00  7.17000000e-01  1.87299320e+00  7.17000000e-01  1.20371676e+00 
 7.35000000e-01  7.55231856e-01  7.35000000e-01  7.55231856e-01  7.35000000e-01  7.55231856e-01  7.35000000e-01  1.87299320e+00  7.35000000e-01  1.87299320e+00  7.35000000e-01  1.87299320e+00  7.35000000e-01  1.20371676e+00 
 7.53000000e-01  7.55231856e-01  7.53000000e-01  7.55231856e-01  7.53000000e-01  7.55231856e-01  7.53000000e-01  1.87299320e+00  7.53000000e-01  1.87299320e+00  7.53000000e-01  1.87299320e+00  7.53000000e-01  1.20371676e+00 
 7.71000000e-01  7.55231856e-01  7.71000000e-01  7.55231856e-01  7.71000000e-01  7.55231856e-01  7.71000000e-01  1.87299320e+00  7.71000000e-01  1.87299320e+00  7.71000000e-01  1.87299320e+00  7.71000000e-01  1.20371676e+00 
 7.89000000e-01  7.55231856e-01  7.89000000e-01  7.55231856e-01  7.89000000e-01  7.55231856e-01  7.89000000e-01  1.87299320e+00  7.89000000e-01  1.87299320e+00  7.89000000e-01  1.87299320e+00  7.89000000e-01  1.20371676e+00 
 8.07000000e-01  7.55231856e-01  8.07000000e-01  7.55231856e-01  8.07000000e-01  7.55231856e-01  8.07000000e-01  1.87299320e+00  8.07000000e-01  1.87299320e+00  8.07000000e-01  1.87299320e+00  8.07000000e-01  1.20371676e+00 
 8.25000000e-01  7.55231856e-01  8.25000000e-01  7.55231856e-01  8.25000000e-01  7.55231856e-01  8.25000000e-01  1.87299320e+00  8.25000000e-01  1.87299320e+00  8.25000000e-01  1.87299320e+00  8.25000000e-01  1.20371676e+00 
 8.37500000e-01  7.55231856e-01  8.37500000e-01  7.55231856e-01  8.37500000e-01  7.55231856e-01  8.37500000e-01  1.87299320e+00  8.37500000e-01  1.87299320e+00  8.37500000e-01  1.87299320e+00  8.37500000e-01  1.20371676e+00 
 8.50000000e-01  7.55231856e-01  8.50000000e-01  7.55231856e-01  8.50000000e-01  7.55231856e-01  8.50000000e-01  1.87299320e+00  8.50000000e-01  1.87299320e+00  8.50000000e-01  1.87299320e+00  8.50000000e-01  1.20371676e+00 
 8.51800000e-01  7.55231856e-01  8.51800000e-01  7.55231856e-01  8.51800000e-01  7.55231856e-01  8.51800000e-01  1.87299320e+00  8.51800000e-01  1.87299320e+00  8.51800000e-01  1.87299320e+00  8.51800000e-01  1.20371676e+00 
 8.55400000e-01  7.55231856e-01  8.55400000e-01  7.55231856e-01  8.55400000e-01  7.55231856e-01  8.55400000e-01  1.87299320e+00  8.55400000e-01  1.87299320e+00  8.55400000e-01  1.87299320e+00  8.55400000e-01  1.20371676e+00 
 8.62600000e-01  7.55231856e-01  8.62600000e-01  7.55231856e-01  8.62600000e-01  7.55231856e-01  8.62600000e-01  1.87299320e+00  8.62600000e-01  1.87299320e+00  8.62600000e-01  1.87299320e+00  8.62600000e-01  1.20371676e+00 
 8.77000000e-01  7.55231856e-01  8.77000000e-01  7.55231856e-01  8.77000000e-01  7.55231856e-01  8.77000000e-01  1.87299320e+00  8.77000000e-01  1.87299320e+00  8.77000000e-01  1.87299320e+00  8.77000000e-01  1.20371676e+00 
 8.88500000e-01  7.55231856e-01  8.88500000e-01  7.55231856e-01  8.88500000e-01  7.55231856e-01  8.88500000e-01  1.87299320e+00  8.88500000e-01  1.87299320e+00  8.88500000e-01  1.87299320e+00  8.88500000e-01  1.20371676e+00 
 9.00000000e-01  7.55231856e-01  9.00000000e-01  7.55231856e-01  9.00000000e-01  7.55231856e-01  9.00000000e-01  1.87299320e+00  9.00000000e-01  1.87299320e+00  9.00000000e-01  1.87299320e+00  9.00000000e-01  1.20371676e+00 
