 1.02000000e-03  5.47503190e-01  1.02000000e-03  6.05135389e-01 
 1.03593750e-03  5.47503196e-01  1.03593750e-03  6.05135697e-01 
 1.06781250e-03  5.47503225e-01  1.06781250e-03  6.05136234e-01 
 1.13156250e-03  5.47503273e-01  1.13156250e-03  6.05137362e-01 
 1.25906250e-03  5.47503366e-01  1.25906250e-03  6.05139614e-01 
 1.51406250e-03  5.47503555e-01  1.51406250e-03  6.05144124e-01 
 2.02406250e-03  5.47503931e-01  2.02406250e-03  6.05153141e-01 
 3.04406250e-03  5.47504685e-01  3.04406250e-03  6.05171188e-01 
 5.08406250e-03  5.47506188e-01  5.08406250e-03  6.05207316e-01 
 9.16406250e-03  5.47509189e-01  9.16406250e-03  6.05279719e-01 
 1.73240625e-02  5.47515155e-01  1.73240625e-02  6.05425102e-01 
 3.36440625e-02  5.47526964e-01  3.36440625e-02  6.05718215e-01 
 6.62840625e-02  5.47550078e-01  6.62840625e-02  6.06313992e-01 
 1.02000000e-01  5.47574617e-01  1.02000000e-01  6.06980931e-01 
 1.08528000e-01  5.47579018e-01  1.08528000e-01  6.07104569e-01 
 1.21584000e-01  5.47587744e-01  1.21584000e-01  6.07353490e-01 
 1.47696000e-01  5.47604889e-01  1.47696000e-01  6.07858006e-01 
 1.98000000e-01  5.47636788e-01  1.98000000e-01  6.08855807e-01 
 2.03222400e-01  5.47640460e-01  2.03222400e-01  6.08962062e-01 
 2.13667200e-01  5.47647758e-01  2.13667200e-01  6.09175727e-01 
 2.34556800e-01  5.47662251e-01  2.34556800e-01  6.09607848e-01 
 2.67278400e-01  5.47684995e-01  2.67278400e-01  6.10298286e-01 
 3.00000000e-01  5.47708492e-01  3.00000000e-01  6.11006707e-01 
 3.06544320e-01  5.47712185e-01  3.06544320e-01  6.11149061e-01 
 3.19632960e-01  5.47719501e-01  3.19632960e-01  6.11435806e-01 
 3.45810240e-01  5.47733849e-01  3.45810240e-01  6.12017572e-01 
 3.98164800e-01  5.47761428e-01  3.98164800e-01  6.13215342e-01 
 4.98000000e-01  5.47809948e-01  4.98000000e-01  6.15634719e-01 
 5.08200000e-01  5.47812141e-01  5.08200000e-01  6.15889231e-01 
 5.28600000e-01  5.47819131e-01  5.28600000e-01  6.16408072e-01 
 5.64300000e-01  5.47836248e-01  5.64300000e-01  6.17343526e-01 
 6.00000000e-01  5.47849981e-01  6.00000000e-01  6.18302887e-01 
 6.07140000e-01  5.47852856e-01  6.07140000e-01  6.18498378e-01 
 6.21420000e-01  5.47858527e-01  6.21420000e-01  6.18892793e-01 
 6.49980000e-01  5.47869552e-01  6.49980000e-01  6.19695621e-01 
 7.07100000e-01  5.47890332e-01  7.07100000e-01  6.21359650e-01 
 7.98000000e-01  5.47919893e-01  7.98000000e-01  6.24180805e-01 
 8.08200000e-01  5.47923412e-01  8.08200000e-01  6.24512101e-01 
 8.28600000e-01  5.47929667e-01  8.28600000e-01  6.25183063e-01 
 8.64300000e-01  5.47938711e-01  8.64300000e-01  6.26385679e-01 
 9.00000000e-01  5.47946247e-01  9.00000000e-01  6.27627174e-01 
 9.07140000e-01  5.47947992e-01  9.07140000e-01  6.27880761e-01 
 9.21420000e-01  5.47951398e-01  9.21420000e-01  6.28393022e-01 
 9.49980000e-01  5.47957876e-01  9.49980000e-01  6.29438342e-01 
 1.00710000e+00  5.47969469e-01  1.00710000e+00  6.31616246e-01 
 1.09800000e+00  5.47984057e-01  1.09800000e+00  6.35343772e-01 
 1.10820000e+00  5.47982761e-01  1.10820000e+00  6.35781000e-01 
 1.12860000e+00  5.47980656e-01  1.12860000e+00  6.36670156e-01 
 1.16430000e+00  5.47977732e-01  1.16430000e+00  6.38273938e-01 
 1.20000000e+00  5.47974501e-01  1.20000000e+00  6.39940098e-01 
 1.20714000e+00  5.47974961e-01  1.20714000e+00  6.40282274e-01 
 1.22142000e+00  5.47975780e-01  1.22142000e+00  6.40974633e-01 
 1.24998000e+00  5.47977013e-01  1.24998000e+00  6.42392206e-01 
 1.30710000e+00  5.47977800e-01  1.30710000e+00  6.45366340e-01 
 1.39800000e+00  5.47974152e-01  1.39800000e+00  6.50522546e-01 
 1.40820000e+00  5.47973559e-01  1.40820000e+00  6.51136877e-01 
 1.42860000e+00  5.47972335e-01  1.42860000e+00  6.52388972e-01 
 1.46430000e+00  5.47970085e-01  1.46430000e+00  6.54658342e-01 
 1.50000000e+00  5.47967451e-01  1.50000000e+00  6.57032996e-01 
 1.50714000e+00  5.47966275e-01  1.50714000e+00  6.57520630e-01 
 1.52142000e+00  5.47963781e-01  1.52142000e+00  6.58509616e-01 
 1.54998000e+00  5.47958212e-01  1.54998000e+00  6.60544182e-01 
 1.60710000e+00  5.47944601e-01  1.60710000e+00  6.64853920e-01 
 1.69800000e+00  5.47913749e-01  1.69800000e+00  6.72303796e-01 
 1.70820000e+00  5.47914383e-01  1.70820000e+00  6.73200049e-01 
 1.72860000e+00  5.47915094e-01  1.72860000e+00  6.75031941e-01 
 1.76430000e+00  5.47915628e-01  1.76430000e+00  6.78371324e-01 
 1.80000000e+00  5.47917799e-01  1.80000000e+00  6.81895232e-01 
 1.80714000e+00  5.47913914e-01  1.80714000e+00  6.82618451e-01 
 1.82142000e+00  5.47905822e-01  1.82142000e+00  6.84084742e-01 
 1.84998000e+00  5.47888317e-01  1.84998000e+00  6.87085003e-01 
 1.90710000e+00  5.47848361e-01  1.90710000e+00  6.93295535e-01 
 1.99800000e+00  5.47773607e-01  1.99800000e+00  7.03810731e-01 
 2.00820000e+00  5.47756918e-01  2.00820000e+00  7.05048651e-01 
 2.02860000e+00  5.47724873e-01  2.02860000e+00  7.07571613e-01 
 2.06430000e+00  5.47671119e-01  2.06430000e+00  7.12156248e-01 
 2.10000000e+00  5.47617801e-01  2.10000000e+00  7.16935421e-01 
 2.10714000e+00  5.47610218e-01  2.10714000e+00  7.17915690e-01 
 2.12142000e+00  5.47594810e-01  2.12142000e+00  7.19898189e-01 
 2.14998000e+00  5.47562578e-01  2.14998000e+00  7.23954970e-01 
 2.20710000e+00  5.47492532e-01  2.20710000e+00  7.32396693e-01 
 2.29800000e+00  5.47368473e-01  2.29800000e+00  7.46545319e-01 
 2.30820000e+00  5.47355086e-01  2.30820000e+00  7.48200975e-01 
 2.32860000e+00  5.47327279e-01  2.32860000e+00  7.51573387e-01 
 2.36430000e+00  5.47274709e-01  2.36430000e+00  7.57717098e-01 
 2.40000000e+00  5.47217295e-01  2.40000000e+00  7.64176901e-01 
 2.40714000e+00  5.47204650e-01  2.40714000e+00  7.65507925e-01 
 2.42142000e+00  5.47178860e-01  2.42142000e+00  7.68211860e-01 
 2.44998000e+00  5.47125178e-01  2.44998000e+00  7.73803421e-01 
 2.50710000e+00  5.47008635e-01  2.50710000e+00  7.85850999e-01 
 2.59800000e+00  5.46798166e-01  2.59800000e+00  8.07450990e-01 
 2.60820000e+00  5.46771229e-01  2.60820000e+00  8.10023116e-01 
 2.62860000e+00  5.46717161e-01  2.62860000e+00  8.15249027e-01 
 2.66430000e+00  5.46621822e-01  2.66430000e+00  8.24625156e-01 
 2.70000000e+00  5.46524013e-01  2.70000000e+00  8.34349377e-01 
 2.70714000e+00  5.46504545e-01  2.70714000e+00  8.36336305e-01 
 2.72142000e+00  5.46465222e-01  2.72142000e+00  8.40354132e-01 
 2.74998000e+00  5.46385135e-01  2.74998000e+00  8.48543183e-01 
 2.80710000e+00  5.46217653e-01  2.80710000e+00  8.65556142e-01 
 2.89800000e+00  5.45920842e-01  2.89800000e+00  8.95280071e-01 
 2.90820000e+00  5.45884460e-01  2.90820000e+00  8.98826586e-01 
 2.92860000e+00  5.45811424e-01  2.92860000e+00  9.05995255e-01 
 2.96430000e+00  5.45682924e-01  2.96430000e+00  9.18754518e-01 
 3.00000000e+00  5.45551720e-01  3.00000000e+00  9.31900672e-01 
 3.00714000e+00  5.45524689e-01  3.00714000e+00  9.34582499e-01 
 3.02142000e+00  5.45470287e-01  3.02142000e+00  9.39990788e-01 
 3.04998000e+00  5.45360041e-01  3.04998000e+00  9.50989859e-01 
 3.10710000e+00  5.45137730e-01  3.10710000e+00  9.73456883e-01 
 3.19800000e+00  5.44783592e-01  3.19800000e+00  1.01031408e+00 
 3.20820000e+00  5.44745363e-01  3.20820000e+00  1.01454119e+00 
 3.22860000e+00  5.44667896e-01  3.22860000e+00  1.02305323e+00 
 3.26430000e+00  5.44530245e-01  3.26430000e+00  1.03816773e+00 
 3.30000000e+00  5.44392150e-01  3.30000000e+00  1.05355066e+00 
 3.30714000e+00  5.44363693e-01  3.30714000e+00  1.05666124e+00 
 3.32142000e+00  5.44306435e-01  3.32142000e+00  1.06293156e+00 
 3.34998000e+00  5.44190488e-01  3.34998000e+00  1.07566872e+00 
 3.40710000e+00  5.43952561e-01  3.40710000e+00  1.10194642e+00 
 3.49800000e+00  5.43567056e-01  3.49800000e+00  1.14474323e+00 
 3.50820000e+00  5.43524659e-01  3.50820000e+00  1.14956626e+00 
 3.52860000e+00  5.43439920e-01  3.52860000e+00  1.15922875e+00 
 3.56430000e+00  5.43292165e-01  3.56430000e+00  1.17616121e+00 
 3.60000000e+00  5.43145250e-01  3.60000000e+00  1.19313980e+00 
 3.60714000e+00  5.43114933e-01  3.60714000e+00  1.19654425e+00 
 3.62142000e+00  5.43054218e-01  3.62142000e+00  1.20336941e+00 
 3.64998000e+00  5.42933107e-01  3.64998000e+00  1.21698487e+00 
 3.70710000e+00  5.42694602e-01  3.70710000e+00  1.24373538e+00 
 3.79800000e+00  5.42338555e-01  3.79800000e+00  1.28353922e+00 
 3.80820000e+00  5.42301093e-01  3.80820000e+00  1.28772818e+00 
 3.82860000e+00  5.42229446e-01  3.82860000e+00  1.29595518e+00 
 3.86430000e+00  5.42117304e-01  3.86430000e+00  1.30966019e+00 
 3.90000000e+00  5.42023896e-01  3.90000000e+00  1.32243404e+00 
 3.90714000e+00  5.42001306e-01  3.90714000e+00  1.32490648e+00 
 3.92142000e+00  5.41956910e-01  3.92142000e+00  1.32975318e+00 
 3.94998000e+00  5.41871611e-01  3.94998000e+00  1.33900477e+00 
 4.00710000e+00  5.41715204e-01  4.00710000e+00  1.35565931e+00 
 4.09800000e+00  5.41499591e-01  4.09800000e+00  1.37773671e+00 
 4.10820000e+00  5.41472953e-01  4.10820000e+00  1.37994213e+00 
 4.12860000e+00  5.41421690e-01  4.12860000e+00  1.38420185e+00 
 4.16430000e+00  5.41338291e-01  4.16430000e+00  1.39112694e+00 
 4.20000000e+00  5.41261703e-01  4.20000000e+00  1.39743276e+00 
 4.20714000e+00  5.41249053e-01  4.20714000e+00  1.39860364e+00 
 4.22142000e+00  5.41224147e-01  4.22142000e+00  1.40089458e+00 
 4.24998000e+00  5.41176126e-01  4.24998000e+00  1.40524527e+00 
 4.30710000e+00  5.41087235e-01  4.30710000e+00  1.41303794e+00 
 4.39800000e+00  5.40966935e-01  4.39800000e+00  1.42283088e+00 
 4.40820000e+00  5.40952326e-01  4.40820000e+00  1.42376773e+00 
 4.42860000e+00  5.40924534e-01  4.42860000e+00  1.42557149e+00 
 4.46430000e+00  5.40881545e-01  4.46430000e+00  1.42841901e+00 
 4.50000000e+00  5.40844931e-01  4.50000000e+00  1.43090700e+00 
 4.50714000e+00  5.40838046e-01  4.50714000e+00  1.43136568e+00 
 4.52142000e+00  5.40824521e-01  4.52142000e+00  1.43225398e+00 
 4.54998000e+00  5.40798554e-01  4.54998000e+00  1.43390426e+00 
 4.60710000e+00  5.40750592e-01  4.60710000e+00  1.43674563e+00 
 4.69800000e+00  5.40683375e-01  4.69800000e+00  1.44023501e+00 
 4.70820000e+00  5.40678072e-01  4.70820000e+00  1.44053977e+00 
 4.72860000e+00  5.40668781e-01  4.72860000e+00  1.44110632e+00 
 4.76430000e+00  5.40658699e-01  4.76430000e+00  1.44193583e+00 
 4.80000000e+00  5.40659311e-01  4.80000000e+00  1.44254358e+00 
 4.80714000e+00  5.40655104e-01  4.80714000e+00  1.44269994e+00 
 4.82142000e+00  5.40646790e-01  4.82142000e+00  1.44300180e+00 
 4.84998000e+00  5.40630603e-01  4.84998000e+00  1.44355867e+00 
 4.90710000e+00  5.40599836e-01  4.90710000e+00  1.44450253e+00 
 4.99800000e+00  5.40554658e-01  4.99800000e+00  1.44561222e+00 
 5.00820000e+00  5.40550522e-01  5.00820000e+00  1.44570303e+00 
 5.02860000e+00  5.40542677e-01  5.02860000e+00  1.44586922e+00 
 5.06430000e+00  5.40530083e-01  5.06430000e+00  1.44611512e+00 
 5.10000000e+00  5.40518347e-01  5.10000000e+00  1.44631831e+00 
 5.10714000e+00  5.40515214e-01  5.10714000e+00  1.44636409e+00 
 5.12142000e+00  5.40508985e-01  5.12142000e+00  1.44645241e+00 
 5.14998000e+00  5.40496689e-01  5.14998000e+00  1.44661508e+00 
 5.20710000e+00  5.40472703e-01  5.20710000e+00  1.44688973e+00 
 5.29800000e+00  5.40436061e-01  5.29800000e+00  1.44720981e+00 
 5.30820000e+00  5.40427311e-01  5.30820000e+00  1.44729115e+00 
 5.32860000e+00  5.40410595e-01  5.32860000e+00  1.44744211e+00 
 5.36430000e+00  5.40386245e-01  5.36430000e+00  1.44764147e+00 
 5.40000000e+00  5.40370538e-01  5.40000000e+00  1.44773258e+00 
 5.40714000e+00  5.40367888e-01  5.40714000e+00  1.44774408e+00 
 5.42142000e+00  5.40362614e-01  5.42142000e+00  1.44776578e+00 
 5.44998000e+00  5.40352174e-01  5.44998000e+00  1.44780385e+00 
 5.50710000e+00  5.40331740e-01  5.50710000e+00  1.44786088e+00 
 5.59800000e+00  5.40300422e-01  5.59800000e+00  1.44790909e+00 
 5.60820000e+00  5.40292126e-01  5.60820000e+00  1.44796712e+00 
 5.62860000e+00  5.40279054e-01  5.62860000e+00  1.44804260e+00 
 5.66430000e+00  5.40262500e-01  5.66430000e+00  1.44810112e+00 
 5.70000000e+00  5.40242256e-01  5.70000000e+00  1.44819998e+00 
 5.70714000e+00  5.40239985e-01  5.70714000e+00  1.44819981e+00 
 5.72142000e+00  5.40235461e-01  5.72142000e+00  1.44819948e+00 
 5.74998000e+00  5.40226515e-01  5.74998000e+00  1.44819884e+00 
 5.80710000e+00  5.40209038e-01  5.80710000e+00  1.44819759e+00 
 5.89800000e+00  5.40182424e-01  5.89800000e+00  1.44819576e+00 
 5.90820000e+00  5.40177014e-01  5.90820000e+00  1.44822419e+00 
 5.92860000e+00  5.40166551e-01  5.92860000e+00  1.44827749e+00 
 5.96430000e+00  5.40149454e-01  5.96430000e+00  1.44835921e+00 
 6.00000000e+00  5.40133867e-01  6.00000000e+00  1.44842662e+00 
 6.00714000e+00  5.40131982e-01  6.00714000e+00  1.44842651e+00 
 6.02142000e+00  5.40128234e-01  6.02142000e+00  1.44842629e+00 
 6.04998000e+00  5.40120857e-01  6.04998000e+00  1.44842587e+00 
 6.10710000e+00  5.40106579e-01  6.10710000e+00  1.44842508e+00 
 6.19800000e+00  5.40085167e-01  6.19800000e+00  1.44842398e+00 
 6.20820000e+00  5.40087768e-01  6.20820000e+00  1.44836831e+00 
 6.22860000e+00  5.40091238e-01  6.22860000e+00  1.44827707e+00 
 6.26430000e+00  5.40095421e-01  6.26430000e+00  1.44814095e+00 
 6.30000000e+00  5.40105803e-01  6.30000000e+00  1.44793714e+00 
 6.30714000e+00  5.40104336e-01  6.30714000e+00  1.44793703e+00 
 6.32142000e+00  5.40101421e-01  6.32142000e+00  1.44793680e+00 
 6.34998000e+00  5.40095706e-01  6.34998000e+00  1.44793637e+00 
 6.40710000e+00  5.40084728e-01  6.40710000e+00  1.44793555e+00 
 6.49800000e+00  5.40068466e-01  6.49800000e+00  1.44793439e+00 
 6.50820000e+00  5.40060693e-01  6.50820000e+00  1.44800300e+00 
 6.52860000e+00  5.40047725e-01  6.52860000e+00  1.44811137e+00 
 6.56430000e+00  5.40029166e-01  6.56430000e+00  1.44825598e+00 
 6.60000000e+00  5.40010138e-01  6.60000000e+00  1.44840835e+00 
 6.60714000e+00  5.40009045e-01  6.60714000e+00  1.44840833e+00 
 6.62142000e+00  5.40006875e-01  6.62142000e+00  1.44840829e+00 
 6.64998000e+00  5.40002632e-01  6.64998000e+00  1.44840822e+00 
 6.70710000e+00  5.39994526e-01  6.70710000e+00  1.44840812e+00 
 6.79800000e+00  5.39982623e-01  6.79800000e+00  1.44840808e+00 
 6.80820000e+00  5.39985715e-01  6.80820000e+00  1.44835865e+00 
 6.82860000e+00  5.39991013e-01  6.82860000e+00  1.44827020e+00 
 6.86430000e+00  5.40000031e-01  6.86430000e+00  1.44811981e+00 
 6.90000000e+00  5.40015605e-01  6.90000000e+00  1.44789675e+00 
 6.90714000e+00  5.40014824e-01  6.90714000e+00  1.44789671e+00 
 6.92142000e+00  5.40013277e-01  6.92142000e+00  1.44789662e+00 
 6.94998000e+00  5.40010257e-01  6.94998000e+00  1.44789647e+00 
 7.00710000e+00  5.40004511e-01  7.00710000e+00  1.44789618e+00 
 7.09800000e+00  5.39996132e-01  7.09800000e+00  1.44789582e+00 
 7.10820000e+00  5.39993224e-01  7.10820000e+00  1.44791889e+00 
 7.12860000e+00  5.39987788e-01  7.12860000e+00  1.44796093e+00 
 7.16430000e+00  5.39979350e-01  7.16430000e+00  1.44802345e+00 
 7.20000000e+00  5.39972070e-01  7.20000000e+00  1.44807425e+00 
 7.20714000e+00  5.39971522e-01  7.20714000e+00  1.44807427e+00 
 7.22142000e+00  5.39970436e-01  7.22142000e+00  1.44807432e+00 
 7.24998000e+00  5.39968318e-01  7.24998000e+00  1.44807442e+00 
 7.30710000e+00  5.39964300e-01  7.30710000e+00  1.44807465e+00 
 7.39800000e+00  5.39958462e-01  7.39800000e+00  1.44807507e+00 
 7.40820000e+00  5.39953951e-01  7.40820000e+00  1.44811952e+00 
 7.42860000e+00  5.39946300e-01  7.42860000e+00  1.44819302e+00 
 7.46430000e+00  5.39935000e-01  7.46430000e+00  1.44829868e+00 
 7.50000000e+00  5.39922270e-01  7.50000000e+00  1.44842166e+00 
 7.50714000e+00  5.39921891e-01  7.50714000e+00  1.44842172e+00 
 7.52142000e+00  5.39921141e-01  7.52142000e+00  1.44842185e+00 
 7.54998000e+00  5.39919679e-01  7.54998000e+00  1.44842211e+00 
 7.60710000e+00  5.39916910e-01  7.60710000e+00  1.44842264e+00 
 7.69800000e+00  5.39912893e-01  7.69800000e+00  1.44842353e+00 
 7.70820000e+00  5.39915220e-01  7.70820000e+00  1.44839236e+00 
 7.72860000e+00  5.39919155e-01  7.72860000e+00  1.44833833e+00 
 7.76430000e+00  5.39925164e-01  7.76430000e+00  1.44825435e+00 
 7.80000000e+00  5.39932464e-01  7.80000000e+00  1.44815638e+00 
 7.80714000e+00  5.39932207e-01  7.80714000e+00  1.44815644e+00 
 7.82142000e+00  5.39931697e-01  7.82142000e+00  1.44815656e+00 
 7.84998000e+00  5.39930704e-01  7.84998000e+00  1.44815681e+00 
 7.90710000e+00  5.39928824e-01  7.90710000e+00  1.44815731e+00 
 7.99800000e+00  5.39926102e-01  7.99800000e+00  1.44815814e+00 
 8.00820000e+00  5.39927653e-01  8.00820000e+00  1.44813733e+00 
 8.02860000e+00  5.39931582e-01  8.02860000e+00  1.44808639e+00 
 8.06430000e+00  5.39942344e-01  8.06430000e+00  1.44795339e+00 
 8.10000000e+00  5.39960189e-01  8.10000000e+00  1.44774023e+00 
 8.10714000e+00  5.39960017e-01  8.10714000e+00  1.44774026e+00 
 8.12142000e+00  5.39959677e-01  8.12142000e+00  1.44774032e+00 
 8.14998000e+00  5.39959015e-01  8.14998000e+00  1.44774044e+00 
 8.20710000e+00  5.39957764e-01  8.20710000e+00  1.44774070e+00 
 8.29800000e+00  5.39955957e-01  8.29800000e+00  1.44774113e+00 
 8.30820000e+00  5.39956036e-01  8.30820000e+00  1.44773812e+00 
 8.32860000e+00  5.39956433e-01  8.32860000e+00  1.44772948e+00 
 8.36430000e+00  5.39957814e-01  8.36430000e+00  1.44770679e+00 
 8.40000000e+00  5.39959902e-01  8.40000000e+00  1.44767639e+00 
 8.40714000e+00  5.39959780e-01  8.40714000e+00  1.44767650e+00 
 8.42142000e+00  5.39959538e-01  8.42142000e+00  1.44767671e+00 
 8.44998000e+00  5.39959067e-01  8.44998000e+00  1.44767714e+00 
 8.50710000e+00  5.39958174e-01  8.50710000e+00  1.44767801e+00 
 8.59800000e+00  5.39956876e-01  8.59800000e+00  1.44767939e+00 
 8.60820000e+00  5.39948310e-01  8.60820000e+00  1.44777556e+00 
 8.62860000e+00  5.39934003e-01  8.62860000e+00  1.44793578e+00 
 8.66430000e+00  5.39916690e-01  8.66430000e+00  1.44812839e+00 
 8.70000000e+00  5.39906845e-01  8.70000000e+00  1.44823615e+00 
 8.70714000e+00  5.39906763e-01  8.70714000e+00  1.44823624e+00 
 8.72142000e+00  5.39906600e-01  8.72142000e+00  1.44823641e+00 
 8.74998000e+00  5.39906283e-01  8.74998000e+00  1.44823676e+00 
 8.80710000e+00  5.39905681e-01  8.80710000e+00  1.44823746e+00 
 8.89800000e+00  5.39904805e-01  8.89800000e+00  1.44823858e+00 
 8.90820000e+00  5.39907359e-01  8.90820000e+00  1.44820856e+00 
 8.92860000e+00  5.39913114e-01  8.92860000e+00  1.44814118e+00 
 8.96430000e+00  5.39926991e-01  8.96430000e+00  1.44798004e+00 
 9.00000000e+00  5.39948271e-01  9.00000000e+00  1.44773474e+00 
 9.00714000e+00  5.39948218e-01  9.00714000e+00  1.44773478e+00 
 9.02142000e+00  5.39948113e-01  9.02142000e+00  1.44773486e+00 
 9.04998000e+00  5.39947909e-01  9.04998000e+00  1.44773502e+00 
 9.10710000e+00  5.39947523e-01  9.10710000e+00  1.44773534e+00 
 9.19800000e+00  5.39946963e-01  9.19800000e+00  1.44773586e+00 
 9.20820000e+00  5.39942081e-01  9.20820000e+00  1.44779086e+00 
 9.22860000e+00  5.39933548e-01  9.22860000e+00  1.44788686e+00 
 9.26430000e+00  5.39921580e-01  9.26430000e+00  1.44802117e+00 
 9.30000000e+00  5.39911830e-01  9.30000000e+00  1.44813033e+00 
 9.30714000e+00  5.39911788e-01  9.30714000e+00  1.44813044e+00 
 9.32142000e+00  5.39911704e-01  9.32142000e+00  1.44813066e+00 
 9.34998000e+00  5.39911541e-01  9.34998000e+00  1.44813109e+00 
 9.40710000e+00  5.39911229e-01  9.40710000e+00  1.44813196e+00 
 9.49800000e+00  5.39910768e-01  9.49800000e+00  1.44813334e+00 
 9.50820000e+00  5.39909187e-01  9.50820000e+00  1.44815096e+00 
 9.52860000e+00  5.39906613e-01  9.52860000e+00  1.44817949e+00 
 9.56430000e+00  5.39904398e-01  9.56430000e+00  1.44820341e+00 
 9.60000000e+00  5.39904761e-01  9.60000000e+00  1.44819802e+00 
 9.60714000e+00  5.39904732e-01  9.60714000e+00  1.44819810e+00 
 9.62142000e+00  5.39904674e-01  9.62142000e+00  1.44819828e+00 
 9.64998000e+00  5.39904561e-01  9.64998000e+00  1.44819863e+00 
 9.70710000e+00  5.39904344e-01  9.70710000e+00  1.44819932e+00 
 9.79800000e+00  5.39904023e-01  9.79800000e+00  1.44820044e+00 
 9.80820000e+00  5.39904539e-01  9.80820000e+00  1.44819428e+00 
 9.82860000e+00  5.39907633e-01  9.82860000e+00  1.44815851e+00 
 9.86430000e+00  5.39921817e-01  9.86430000e+00  1.44799602e+00 
 9.90000000e+00  5.39944909e-01  9.90000000e+00  1.44773212e+00 
 9.90714000e+00  5.39944881e-01  9.90714000e+00  1.44773228e+00 
 9.92142000e+00  5.39944825e-01  9.92142000e+00  1.44773259e+00 
 9.94998000e+00  5.39944715e-01  9.94998000e+00  1.44773322e+00 
 1.00071000e+01  5.39944502e-01  1.00071000e+01  1.44773448e+00 
 1.00980000e+01  5.39944179e-01  1.00980000e+01  1.44773648e+00 
 1.01082000e+01  5.39944554e-01  1.01082000e+01  1.44773204e+00 
 1.01286000e+01  5.39945292e-01  1.01286000e+01  1.44772329e+00 
 1.01643000e+01  5.39946554e-01  1.01643000e+01  1.44770833e+00 
 1.02000000e+01  5.39947791e-01  1.02000000e+01  1.44769369e+00 
 1.02071400e+01  5.39947767e-01  1.02071400e+01  1.44769386e+00 
 1.02214200e+01  5.39947717e-01  1.02214200e+01  1.44769421e+00 
 1.02499800e+01  5.39947620e-01  1.02499800e+01  1.44769492e+00 
 1.03071000e+01  5.39947428e-01  1.03071000e+01  1.44769632e+00 
 1.03980000e+01  5.39947135e-01  1.03980000e+01  1.44769856e+00 
 1.04082000e+01  5.39946645e-01  1.04082000e+01  1.44770403e+00 
 1.04286000e+01  5.39945541e-01  1.04286000e+01  1.44771637e+00 
 1.04643000e+01  5.39944002e-01  1.04643000e+01  1.44773353e+00 
 1.05000000e+01  5.39944033e-01  1.05000000e+01  1.44773282e+00 
 1.05071400e+01  5.39944022e-01  1.05071400e+01  1.44773288e+00 
 1.05214200e+01  5.39943999e-01  1.05214200e+01  1.44773300e+00 
 1.05499800e+01  5.39943953e-01  1.05499800e+01  1.44773325e+00 
 1.06071000e+01  5.39943866e-01  1.06071000e+01  1.44773374e+00 
 1.06980000e+01  5.39943733e-01  1.06980000e+01  1.44773452e+00 
 1.07082000e+01  5.39938756e-01  1.07082000e+01  1.44779113e+00 
 1.07286000e+01  5.39929924e-01  1.07286000e+01  1.44789160e+00 
 1.07643000e+01  5.39917076e-01  1.07643000e+01  1.44803772e+00 
 1.08000000e+01  5.39906414e-01  1.08000000e+01  1.44815895e+00 
 1.08071400e+01  5.39906401e-01  1.08071400e+01  1.44815906e+00 
 1.08214200e+01  5.39906373e-01  1.08214200e+01  1.44815928e+00 
 1.08499800e+01  5.39906319e-01  1.08499800e+01  1.44815973e+00 
 1.09071000e+01  5.39906211e-01  1.09071000e+01  1.44816061e+00 
 1.09980000e+01  5.39906045e-01  1.09980000e+01  1.44816202e+00 
 1.10082000e+01  5.39905757e-01  1.10082000e+01  1.44816527e+00 
 1.10286000e+01  5.39905597e-01  1.10286000e+01  1.44816699e+00 
 1.10643000e+01  5.39907645e-01  1.10643000e+01  1.44814349e+00 
 1.11000000e+01  5.39913063e-01  1.11000000e+01  1.44808163e+00 
 1.11071400e+01  5.39913053e-01  1.11071400e+01  1.44808171e+00 
 1.11214200e+01  5.39913033e-01  1.11214200e+01  1.44808187e+00 
 1.11499800e+01  5.39912995e-01  1.11499800e+01  1.44808219e+00 
 1.12071000e+01  5.39912918e-01  1.12071000e+01  1.44808284e+00 
 1.12980000e+01  5.39912800e-01  1.12980000e+01  1.44808387e+00 
 1.13082000e+01  5.39913636e-01  1.13082000e+01  1.44807431e+00 
 1.13286000e+01  5.39915401e-01  1.13286000e+01  1.44805414e+00 
 1.13643000e+01  5.39918805e-01  1.13643000e+01  1.44801525e+00 
 1.14000000e+01  5.39922641e-01  1.14000000e+01  1.44797144e+00 
 1.14071400e+01  5.39922634e-01  1.14071400e+01  1.44797149e+00 
 1.14214200e+01  5.39922622e-01  1.14214200e+01  1.44797160e+00 
 1.14499800e+01  5.39922596e-01  1.14499800e+01  1.44797181e+00 
 1.15071000e+01  5.39922547e-01  1.15071000e+01  1.44797222e+00 
 1.15980000e+01  5.39922470e-01  1.15980000e+01  1.44797288e+00 
 1.16082000e+01  5.39919491e-01  1.16082000e+01  1.44800681e+00 
 1.16286000e+01  5.39914441e-01  1.16286000e+01  1.44806429e+00 
 1.16643000e+01  5.39907986e-01  1.16643000e+01  1.44813776e+00 
 1.17000000e+01  5.39903629e-01  1.17000000e+01  1.44818732e+00 
 1.17071400e+01  5.39903618e-01  1.17071400e+01  1.44818743e+00 
 1.17214200e+01  5.39903596e-01  1.17214200e+01  1.44818765e+00 
 1.17499800e+01  5.39903553e-01  1.17499800e+01  1.44818809e+00 
 1.18071000e+01  5.39903467e-01  1.18071000e+01  1.44818898e+00 
 1.18980000e+01  5.39903332e-01  1.18980000e+01  1.44819038e+00 
 1.19082000e+01  5.39902039e-01  1.19082000e+01  1.44820510e+00 
 1.19286000e+01  5.39899363e-01  1.19286000e+01  1.44823555e+00 
 1.19643000e+01  5.39893967e-01  1.19643000e+01  1.44829698e+00 
 1.20000000e+01  5.39886893e-01  1.20000000e+01  1.44837754e+00 
 1.20071400e+01  5.39886884e-01  1.20071400e+01  1.44837764e+00 
 1.20214200e+01  5.39886865e-01  1.20214200e+01  1.44837783e+00 
 1.20499800e+01  5.39886828e-01  1.20499800e+01  1.44837822e+00 
 1.21071000e+01  5.39886753e-01  1.21071000e+01  1.44837901e+00 
 1.21980000e+01  5.39886636e-01  1.21980000e+01  1.44838025e+00 
 1.22082000e+01  5.39885408e-01  1.22082000e+01  1.44839424e+00 
 1.22286000e+01  5.39882910e-01  1.22286000e+01  1.44842269e+00 
 1.22643000e+01  5.39879919e-01  1.22643000e+01  1.44845675e+00 
 1.23000000e+01  5.39879235e-01  1.23000000e+01  1.44846452e+00 
 1.23071400e+01  5.39879226e-01  1.23071400e+01  1.44846461e+00 
 1.23214200e+01  5.39879209e-01  1.23214200e+01  1.44846479e+00 
 1.23499800e+01  5.39879175e-01  1.23499800e+01  1.44846516e+00 
 1.24071000e+01  5.39879106e-01  1.24071000e+01  1.44846590e+00 
 1.24980000e+01  5.39878998e-01  1.24980000e+01  1.44846707e+00 
 1.25082000e+01  5.39878441e-01  1.25082000e+01  1.44847341e+00 
 1.25286000e+01  5.39877530e-01  1.25286000e+01  1.44848377e+00 
 1.25643000e+01  5.39876598e-01  1.25643000e+01  1.44849437e+00 
 1.26000000e+01  5.39876106e-01  1.26000000e+01  1.44849995e+00 
 1.26071400e+01  5.39876096e-01  1.26071400e+01  1.44850005e+00 
 1.26214200e+01  5.39876077e-01  1.26214200e+01  1.44850026e+00 
 1.26499800e+01  5.39876039e-01  1.26499800e+01  1.44850068e+00 
 1.27071000e+01  5.39875963e-01  1.27071000e+01  1.44850151e+00 
 1.27980000e+01  5.39875843e-01  1.27980000e+01  1.44850284e+00 
 1.28082000e+01  5.39879278e-01  1.28082000e+01  1.44846370e+00 
 1.28286000e+01  5.39885252e-01  1.28286000e+01  1.44839562e+00 
 1.28643000e+01  5.39894900e-01  1.28643000e+01  1.44828568e+00 
 1.29000000e+01  5.39907305e-01  1.29000000e+01  1.44814433e+00 
 1.29071400e+01  5.39907297e-01  1.29071400e+01  1.44814441e+00 
 1.29214200e+01  5.39907283e-01  1.29214200e+01  1.44814458e+00 
 1.29499800e+01  5.39907252e-01  1.29499800e+01  1.44814491e+00 
 1.30071000e+01  5.39907193e-01  1.30071000e+01  1.44814557e+00 
 1.30980000e+01  5.39907097e-01  1.30980000e+01  1.44814663e+00 
 1.31082000e+01  5.39903125e-01  1.31082000e+01  1.44819188e+00 
 1.31286000e+01  5.39896006e-01  1.31286000e+01  1.44827299e+00 
 1.31643000e+01  5.39884836e-01  1.31643000e+01  1.44840026e+00 
 1.32000000e+01  5.39873467e-01  1.32000000e+01  1.44852979e+00 
 1.32071400e+01  5.39873457e-01  1.32071400e+01  1.44852989e+00 
 1.32214200e+01  5.39873439e-01  1.32214200e+01  1.44853010e+00 
 1.32499800e+01  5.39873402e-01  1.32499800e+01  1.44853051e+00 
 1.33071000e+01  5.39873329e-01  1.33071000e+01  1.44853133e+00 
 1.33980000e+01  5.39873213e-01  1.33980000e+01  1.44853263e+00 
 1.34082000e+01  5.39873349e-01  1.34082000e+01  1.44853108e+00 
 1.34286000e+01  5.39873623e-01  1.34286000e+01  1.44852796e+00 
 1.34643000e+01  5.39874104e-01  1.34643000e+01  1.44852247e+00 
 1.35000000e+01  5.39874589e-01  1.35000000e+01  1.44851693e+00 
 1.35071400e+01  5.39874580e-01  1.35071400e+01  1.44851703e+00 
 1.35214200e+01  5.39874562e-01  1.35214200e+01  1.44851723e+00 
 1.35499800e+01  5.39874527e-01  1.35499800e+01  1.44851763e+00 
 1.36071000e+01  5.39874455e-01  1.36071000e+01  1.44851844e+00 
 1.36980000e+01  5.39874342e-01  1.36980000e+01  1.44851971e+00 
 1.37082000e+01  5.39875110e-01  1.37082000e+01  1.44851096e+00 
 1.37286000e+01  5.39877056e-01  1.37286000e+01  1.44848878e+00 
 1.37643000e+01  5.39882330e-01  1.37643000e+01  1.44842866e+00 
 1.38000000e+01  5.39889607e-01  1.38000000e+01  1.44834573e+00 
 1.38071400e+01  5.39889598e-01  1.38071400e+01  1.44834583e+00 
 1.38214200e+01  5.39889581e-01  1.38214200e+01  1.44834602e+00 
 1.38499800e+01  5.39889548e-01  1.38499800e+01  1.44834640e+00 
 1.39071000e+01  5.39889480e-01  1.39071000e+01  1.44834716e+00 
 1.39980000e+01  5.39889373e-01  1.39980000e+01  1.44834837e+00 
 1.40082000e+01  5.39890007e-01  1.40082000e+01  1.44834115e+00 
 1.40286000e+01  5.39890492e-01  1.40286000e+01  1.44833562e+00 
 1.40643000e+01  5.39890172e-01  1.40643000e+01  1.44833927e+00 
 1.41000000e+01  5.39890412e-01  1.41000000e+01  1.44833654e+00 
 1.41071400e+01  5.39890402e-01  1.41071400e+01  1.44833665e+00 
 1.41214200e+01  5.39890382e-01  1.41214200e+01  1.44833687e+00 
 1.41499800e+01  5.39890343e-01  1.41499800e+01  1.44833732e+00 
 1.42071000e+01  5.39890265e-01  1.42071000e+01  1.44833820e+00 
 1.42980000e+01  5.39890140e-01  1.42980000e+01  1.44833961e+00 
 1.43082000e+01  5.39891508e-01  1.43082000e+01  1.44832403e+00 
 1.43286000e+01  5.39894413e-01  1.43286000e+01  1.44829093e+00 
 1.43643000e+01  5.39900328e-01  1.43643000e+01  1.44822354e+00 
 1.44000000e+01  5.39907771e-01  1.44000000e+01  1.44813873e+00 
 1.44071400e+01  5.39907763e-01  1.44071400e+01  1.44813882e+00 
 1.44214200e+01  5.39907749e-01  1.44214200e+01  1.44813899e+00 
 1.44499800e+01  5.39907719e-01  1.44499800e+01  1.44813932e+00 
 1.45071000e+01  5.39907659e-01  1.45071000e+01  1.44814000e+00 
 1.45980000e+01  5.39907565e-01  1.45980000e+01  1.44814107e+00 
 1.46082000e+01  5.39902837e-01  1.46082000e+01  1.44819492e+00 
 1.46286000e+01  5.39894819e-01  1.46286000e+01  1.44828628e+00 
 1.46643000e+01  5.39883332e-01  1.46643000e+01  1.44841716e+00 
 1.47000000e+01  5.39871406e-01  1.47000000e+01  1.44855305e+00 
 1.47071400e+01  5.39871397e-01  1.47071400e+01  1.44855315e+00 
 1.47214200e+01  5.39871379e-01  1.47214200e+01  1.44855336e+00 
 1.47499800e+01  5.39871343e-01  1.47499800e+01  1.44855377e+00 
 1.48071000e+01  5.39871270e-01  1.48071000e+01  1.44855459e+00 
 1.48980000e+01  5.39871154e-01  1.48980000e+01  1.44855590e+00 
 1.49082000e+01  5.39875859e-01  1.49082000e+01  1.44850229e+00 
 1.49286000e+01  5.39885967e-01  1.49286000e+01  1.44838711e+00 
 1.49643000e+01  5.39907874e-01  1.49643000e+01  1.44813748e+00 
 1.50000000e+01  5.39938890e-01  1.50000000e+01  1.44778412e+00 
 1.50071400e+01  5.39938875e-01  1.50071400e+01  1.44778429e+00 
 1.50214200e+01  5.39938845e-01  1.50214200e+01  1.44778463e+00 
 1.50499800e+01  5.39938785e-01  1.50499800e+01  1.44778531e+00 
 1.51071000e+01  5.39938666e-01  1.51071000e+01  1.44778667e+00 
 1.51980000e+01  5.39938476e-01  1.51980000e+01  1.44778883e+00 
 1.52082000e+01  5.39930410e-01  1.52082000e+01  1.44788071e+00 
 1.52286000e+01  5.39916275e-01  1.52286000e+01  1.44804175e+00 
 1.52643000e+01  5.39898158e-01  1.52643000e+01  1.44824818e+00 
 1.53000000e+01  5.39887654e-01  1.53000000e+01  1.44836787e+00 
 1.53071400e+01  5.39887645e-01  1.53071400e+01  1.44836797e+00 
 1.53214200e+01  5.39887627e-01  1.53214200e+01  1.44836817e+00 
 1.53499800e+01  5.39887592e-01  1.53499800e+01  1.44836858e+00 
 1.54071000e+01  5.39887520e-01  1.54071000e+01  1.44836940e+00 
 1.54980000e+01  5.39887405e-01  1.54980000e+01  1.44837069e+00 
 1.55082000e+01  5.39886133e-01  1.55082000e+01  1.44838520e+00 
 1.55286000e+01  5.39883731e-01  1.55286000e+01  1.44841257e+00 
 1.55643000e+01  5.39879794e-01  1.55643000e+01  1.44845743e+00 
 1.56000000e+01  5.39875790e-01  1.56000000e+01  1.44850305e+00 
 1.56071400e+01  5.39875782e-01  1.56071400e+01  1.44850314e+00 
 1.56214200e+01  5.39875767e-01  1.56214200e+01  1.44850331e+00 
 1.56499800e+01  5.39875735e-01  1.56499800e+01  1.44850367e+00 
 1.57071000e+01  5.39875672e-01  1.57071000e+01  1.44850439e+00 
 1.57980000e+01  5.39875571e-01  1.57980000e+01  1.44850553e+00 
 1.58082000e+01  5.39877356e-01  1.58082000e+01  1.44848519e+00 
 1.58286000e+01  5.39880814e-01  1.58286000e+01  1.44844579e+00 
 1.58643000e+01  5.39886670e-01  1.58643000e+01  1.44837906e+00 
 1.59000000e+01  5.39892654e-01  1.59000000e+01  1.44831088e+00 
 1.59071400e+01  5.39892646e-01  1.59071400e+01  1.44831097e+00 
 1.59214200e+01  5.39892630e-01  1.59214200e+01  1.44831115e+00 
 1.59499800e+01  5.39892598e-01  1.59499800e+01  1.44831151e+00 
 1.60071000e+01  5.39892534e-01  1.60071000e+01  1.44831224e+00 
 1.60980000e+01  5.39892432e-01  1.60980000e+01  1.44831339e+00 
 1.61082000e+01  5.39890513e-01  1.61082000e+01  1.44833525e+00 
 1.61286000e+01  5.39886786e-01  1.61286000e+01  1.44837773e+00 
 1.61643000e+01  5.39880369e-01  1.61643000e+01  1.44845084e+00 
 1.62000000e+01  5.39873750e-01  1.62000000e+01  1.44852626e+00 
 1.62071400e+01  5.39873742e-01  1.62071400e+01  1.44852635e+00 
 1.62214200e+01  5.39873726e-01  1.62214200e+01  1.44852654e+00 
 1.62499800e+01  5.39873693e-01  1.62499800e+01  1.44852690e+00 
 1.63071000e+01  5.39873629e-01  1.63071000e+01  1.44852764e+00 
 1.63980000e+01  5.39873526e-01  1.63980000e+01  1.44852881e+00 
 1.64082000e+01  5.39873566e-01  1.64082000e+01  1.44852835e+00 
 1.64286000e+01  5.39873646e-01  1.64286000e+01  1.44852744e+00 
 1.64643000e+01  5.39873787e-01  1.64643000e+01  1.44852583e+00 
 1.65000000e+01  5.39873929e-01  1.65000000e+01  1.44852421e+00 
 1.65071400e+01  5.39873921e-01  1.65071400e+01  1.44852430e+00 
 1.65214200e+01  5.39873905e-01  1.65214200e+01  1.44852448e+00 
 1.65499800e+01  5.39873872e-01  1.65499800e+01  1.44852485e+00 
 1.66071000e+01  5.39873808e-01  1.66071000e+01  1.44852558e+00 
 1.66980000e+01  5.39873706e-01  1.66980000e+01  1.44852674e+00 
 1.67082000e+01  5.39874707e-01  1.67082000e+01  1.44851533e+00 
 1.67286000e+01  5.39877161e-01  1.67286000e+01  1.44848736e+00 
 1.67643000e+01  5.39885352e-01  1.67643000e+01  1.44839401e+00 
 1.68000000e+01  5.39899324e-01  1.68000000e+01  1.44823479e+00 
 1.68071400e+01  5.39899315e-01  1.68071400e+01  1.44823489e+00 
 1.68214200e+01  5.39899297e-01  1.68214200e+01  1.44823509e+00 
 1.68499800e+01  5.39899262e-01  1.68499800e+01  1.44823549e+00 
 1.69071000e+01  5.39899193e-01  1.69071000e+01  1.44823628e+00 
 1.69980000e+01  5.39899081e-01  1.69980000e+01  1.44823754e+00 
 1.70082000e+01  5.39900979e-01  1.70082000e+01  1.44821592e+00 
 1.70286000e+01  5.39904840e-01  1.70286000e+01  1.44817193e+00 
 1.70643000e+01  5.39911828e-01  1.70643000e+01  1.44809230e+00 
 1.71000000e+01  5.39919166e-01  1.71000000e+01  1.44800870e+00 
 1.71071400e+01  5.39919156e-01  1.71071400e+01  1.44800882e+00 
 1.71214200e+01  5.39919135e-01  1.71214200e+01  1.44800906e+00 
 1.71499800e+01  5.39919092e-01  1.71499800e+01  1.44800954e+00 
 1.72071000e+01  5.39919007e-01  1.72071000e+01  1.44801050e+00 
 1.72980000e+01  5.39918872e-01  1.72980000e+01  1.44801204e+00 
 1.73082000e+01  5.39918034e-01  1.73082000e+01  1.44802159e+00 
 1.73286000e+01  5.39916362e-01  1.73286000e+01  1.44804063e+00 
 1.73643000e+01  5.39913456e-01  1.73643000e+01  1.44807374e+00 
 1.74000000e+01  5.39910569e-01  1.74000000e+01  1.44810663e+00 
 1.74071400e+01  5.39910560e-01  1.74071400e+01  1.44810674e+00 
 1.74214200e+01  5.39910540e-01  1.74214200e+01  1.44810696e+00 
 1.74499800e+01  5.39910502e-01  1.74499800e+01  1.44810740e+00 
 1.75071000e+01  5.39910424e-01  1.75071000e+01  1.44810828e+00 
 1.75980000e+01  5.39910301e-01  1.75980000e+01  1.44810968e+00 
 1.76082000e+01  5.39904490e-01  1.76082000e+01  1.44817589e+00 
 1.76286000e+01  5.39893985e-01  1.76286000e+01  1.44829559e+00 
 1.76643000e+01  5.39879160e-01  1.76643000e+01  1.44846452e+00 
 1.77000000e+01  5.39867909e-01  1.77000000e+01  1.44859273e+00 
 1.77071400e+01  5.39867900e-01  1.77071400e+01  1.44859283e+00 
 1.77214200e+01  5.39867882e-01  1.77214200e+01  1.44859304e+00 
 1.77499800e+01  5.39867846e-01  1.77499800e+01  1.44859345e+00 
 1.78071000e+01  5.39867773e-01  1.78071000e+01  1.44859427e+00 
 1.78980000e+01  5.39867658e-01  1.78980000e+01  1.44859559e+00 
 1.79082000e+01  5.39867645e-01  1.79082000e+01  1.44859573e+00 
 1.79286000e+01  5.39867619e-01  1.79286000e+01  1.44859603e+00 
 1.79643000e+01  5.39867574e-01  1.79643000e+01  1.44859654e+00 
 1.80000000e+01  5.39867528e-01  1.80000000e+01  1.44859706e+00 
