 1.00000000e-01  3.99999999e-05 
 1.10000000e-01  3.87999999e-05 
 1.20000000e-01  3.76199999e-05 
 1.30000000e-01  3.64449999e-05 
 1.40000000e-01  3.52799998e-05 
 1.50000000e-01  3.41249998e-05 
 1.60000000e-01  3.29799998e-05 
 1.70000000e-01  3.18449998e-05 
 1.80000000e-01  3.07199998e-05 
 1.90000000e-01  2.96049998e-05 
 2.00000000e-01  2.84999998e-05 
 2.10000000e-01  2.74049998e-05 
 2.20000000e-01  2.63199998e-05 
 2.30000000e-01  2.52449998e-05 
 2.40000000e-01  2.41799997e-05 
 2.50000000e-01  2.31249997e-05 
 2.60000000e-01  2.20799997e-05 
 2.70000000e-01  2.10449997e-05 
 2.80000000e-01  2.00199997e-05 
 2.90000000e-01  1.90049997e-05 
 3.00000000e-01  1.79999997e-05 
 3.10000000e-01  1.70049997e-05 
 3.20000000e-01  1.60199997e-05 
 3.30000000e-01  1.50449997e-05 
 3.40000000e-01  1.40799996e-05 
 3.50000000e-01  1.31249996e-05 
 3.60000000e-01  1.21799996e-05 
 3.70000000e-01  1.12449996e-05 
 3.80000000e-01  1.03199996e-05 
 3.90000000e-01  9.40499960e-06 
 4.00000000e-01  8.49999959e-06 
 4.10000000e-01  7.60499958e-06 
 4.20000000e-01  6.71999957e-06 
 4.30000000e-01  5.84499956e-06 
 4.40000000e-01  4.97999955e-06 
 4.50000000e-01  4.12499954e-06 
 4.60000000e-01  3.27999953e-06 
 4.70000000e-01  2.44499952e-06 
 4.80000000e-01  1.61999951e-06 
 4.90000000e-01  8.04999500e-07 
 5.00000000e-01 -5.10000028e-13 
 5.10000000e-01 -7.95000520e-07 
 5.20000000e-01 -1.58000053e-06 
 5.30000000e-01 -2.35500054e-06 
 5.40000000e-01 -3.12000055e-06 
 5.50000000e-01 -3.87500056e-06 
 5.60000000e-01 -4.62000057e-06 
 5.70000000e-01 -5.35500058e-06 
 5.80000000e-01 -6.08000059e-06 
 5.90000000e-01 -6.79500060e-06 
 6.00000000e-01 -7.50000061e-06 
 6.10000000e-01 -8.19500062e-06 
 6.20000000e-01 -8.88000063e-06 
 6.30000000e-01 -9.55500064e-06 
 6.40000000e-01 -1.02200007e-05 
 6.50000000e-01 -1.08750007e-05 
 6.60000000e-01 -1.15200007e-05 
 6.70000000e-01 -1.21550007e-05 
 6.80000000e-01 -1.27800007e-05 
 6.90000000e-01 -1.33950007e-05 
 7.00000000e-01 -1.40000007e-05 
 7.10000000e-01 -1.45950007e-05 
 7.20000000e-01 -1.51800007e-05 
 7.30000000e-01 -1.57550007e-05 
 7.40000000e-01 -1.63200008e-05 
 7.50000000e-01 -1.68750008e-05 
 7.60000000e-01 -1.74200008e-05 
 7.70000000e-01 -1.79550008e-05 
 7.80000000e-01 -1.84800008e-05 
 7.90000000e-01 -1.89950008e-05 
 8.00000000e-01 -1.95000008e-05 
 8.10000000e-01 -1.99950008e-05 
 8.20000000e-01 -2.04800008e-05 
 8.30000000e-01 -2.09550008e-05 
 8.40000000e-01 -2.14200009e-05 
 8.50000000e-01 -2.18750009e-05 
 8.60000000e-01 -2.23200009e-05 
 8.70000000e-01 -2.27550009e-05 
 8.80000000e-01 -2.31800009e-05 
 8.90000000e-01 -2.35950009e-05 
 9.00000000e-01 -2.40000009e-05 
