 8.00000000e-05  2.42021363e-01  8.00000000e-05  7.00000000e-01  8.00000000e-05  7.00000000e-01  8.00000000e-05  0.00000000e+00  8.00000000e-05  7.91438203e-01  8.00000000e-05  7.91444928e-01  8.00000000e-05  1.31769702e+00  8.00000000e-05  7.88145688e-01  8.00000000e-05  7.91322187e-01  8.00000000e-05  7.91322187e-01 
 1.60000000e-04  2.42021361e-01  1.60000000e-04  7.00000000e-01  1.60000000e-04  7.00000000e-01  1.60000000e-04  0.00000000e+00  1.60000000e-04  7.91438198e-01  1.60000000e-04  7.91444923e-01  1.60000000e-04  1.31769701e+00  1.60000000e-04  7.88145679e-01  1.60000000e-04  7.91322182e-01  1.60000000e-04  7.91322182e-01 
 3.20000000e-04  2.42021360e-01  3.20000000e-04  7.00000000e-01  3.20000000e-04  7.00000000e-01  3.20000000e-04  0.00000000e+00  3.20000000e-04  7.91438196e-01  3.20000000e-04  7.91444920e-01  3.20000000e-04  1.31769702e+00  3.20000000e-04  7.88145684e-01  3.20000000e-04  7.91322180e-01  3.20000000e-04  7.91322180e-01 
 6.40000000e-04  2.42021358e-01  6.40000000e-04  7.00000000e-01  6.40000000e-04  7.00000000e-01  6.40000000e-04  0.00000000e+00  6.40000000e-04  7.91438190e-01  6.40000000e-04  7.91444915e-01  6.40000000e-04  1.31769701e+00  6.40000000e-04  7.88145675e-01  6.40000000e-04  7.91322174e-01  6.40000000e-04  7.91322174e-01 
 1.28000000e-03  2.42021360e-01  1.28000000e-03  7.00000000e-01  1.28000000e-03  7.00000000e-01  1.28000000e-03  0.00000000e+00  1.28000000e-03  7.91438196e-01  1.28000000e-03  7.91444920e-01  1.28000000e-03  1.31769702e+00  1.28000000e-03  7.88145684e-01  1.28000000e-03  7.91322180e-01  1.28000000e-03  7.91322180e-01 
 2.56000000e-03  2.42021358e-01  2.56000000e-03  7.00000000e-01  2.56000000e-03  7.00000000e-01  2.56000000e-03  0.00000000e+00  2.56000000e-03  7.91438190e-01  2.56000000e-03  7.91444915e-01  2.56000000e-03  1.31769701e+00  2.56000000e-03  7.88145675e-01  2.56000000e-03  7.91322174e-01  2.56000000e-03  7.91322174e-01 
 5.12000000e-03  2.42021360e-01  5.12000000e-03  7.00000000e-01  5.12000000e-03  7.00000000e-01  5.12000000e-03  0.00000000e+00  5.12000000e-03  7.91438196e-01  5.12000000e-03  7.91444920e-01  5.12000000e-03  1.31769702e+00  5.12000000e-03  7.88145684e-01  5.12000000e-03  7.91322180e-01  5.12000000e-03  7.91322180e-01 
 1.02400000e-02  2.42021358e-01  1.02400000e-02  7.00000000e-01  1.02400000e-02  7.00000000e-01  1.02400000e-02  0.00000000e+00  1.02400000e-02  7.91438190e-01  1.02400000e-02  7.91444915e-01  1.02400000e-02  1.31769701e+00  1.02400000e-02  7.88145675e-01  1.02400000e-02  7.91322174e-01  1.02400000e-02  7.91322174e-01 
 2.00000000e-02  2.42021360e-01  2.00000000e-02  7.00000000e-01  2.00000000e-02  7.00000000e-01  2.00000000e-02  0.00000000e+00  2.00000000e-02  7.91438196e-01  2.00000000e-02  7.91444920e-01  2.00000000e-02  1.31769702e+00  2.00000000e-02  7.88145684e-01  2.00000000e-02  7.91322180e-01  2.00000000e-02  7.91322180e-01 
 2.10240000e-02  2.42021358e-01  2.10240000e-02  7.00000000e-01  2.10240000e-02  7.00000000e-01  2.10240000e-02  0.00000000e+00  2.10240000e-02  7.91438190e-01  2.10240000e-02  7.91444915e-01  2.10240000e-02  1.31769701e+00  2.10240000e-02  7.88145675e-01  2.10240000e-02  7.91322174e-01  2.10240000e-02  7.91322174e-01 
 2.30720000e-02  2.42021360e-01  2.30720000e-02  7.00000000e-01  2.30720000e-02  7.00000000e-01  2.30720000e-02  0.00000000e+00  2.30720000e-02  7.91438196e-01  2.30720000e-02  7.91444920e-01  2.30720000e-02  1.31769702e+00  2.30720000e-02  7.88145684e-01  2.30720000e-02  7.91322180e-01  2.30720000e-02  7.91322180e-01 
 2.71680000e-02  2.42021358e-01  2.71680000e-02  7.00000000e-01  2.71680000e-02  7.00000000e-01  2.71680000e-02  0.00000000e+00  2.71680000e-02  7.91438190e-01  2.71680000e-02  7.91444915e-01  2.71680000e-02  1.31769701e+00  2.71680000e-02  7.88145675e-01  2.71680000e-02  7.91322174e-01  2.71680000e-02  7.91322174e-01 
 3.53600000e-02  2.42021360e-01  3.53600000e-02  7.00000000e-01  3.53600000e-02  7.00000000e-01  3.53600000e-02  0.00000000e+00  3.53600000e-02  7.91438196e-01  3.53600000e-02  7.91444920e-01  3.53600000e-02  1.31769702e+00  3.53600000e-02  7.88145684e-01  3.53600000e-02  7.91322180e-01  3.53600000e-02  7.91322180e-01 
 5.13600000e-02  2.42021358e-01  5.13600000e-02  7.00000000e-01  5.13600000e-02  7.00000000e-01  5.13600000e-02  0.00000000e+00  5.13600000e-02  7.91438190e-01  5.13600000e-02  7.91444915e-01  5.13600000e-02  1.31769701e+00  5.13600000e-02  7.88145675e-01  5.13600000e-02  7.91322174e-01  5.13600000e-02  7.91322174e-01 
 6.73600000e-02  2.42021360e-01  6.73600000e-02  7.00000000e-01  6.73600000e-02  7.00000000e-01  6.73600000e-02  0.00000000e+00  6.73600000e-02  7.91438196e-01  6.73600000e-02  7.91444920e-01  6.73600000e-02  1.31769702e+00  6.73600000e-02  7.88145684e-01  6.73600000e-02  7.91322180e-01  6.73600000e-02  7.91322180e-01 
 8.33600000e-02  2.42021358e-01  8.33600000e-02  7.00000000e-01  8.33600000e-02  7.00000000e-01  8.33600000e-02  0.00000000e+00  8.33600000e-02  7.91438190e-01  8.33600000e-02  7.91444915e-01  8.33600000e-02  1.31769701e+00  8.33600000e-02  7.88145675e-01  8.33600000e-02  7.91322174e-01  8.33600000e-02  7.91322174e-01 
 9.93600000e-02  2.42021360e-01  9.93600000e-02  7.00000000e-01  9.93600000e-02  7.00000000e-01  9.93600000e-02  0.00000000e+00  9.93600000e-02  7.91438196e-01  9.93600000e-02  7.91444920e-01  9.93600000e-02  1.31769702e+00  9.93600000e-02  7.88145684e-01  9.93600000e-02  7.91322180e-01  9.93600000e-02  7.91322180e-01 
 1.15360000e-01  2.42021358e-01  1.15360000e-01  7.00000000e-01  1.15360000e-01  7.00000000e-01  1.15360000e-01  0.00000000e+00  1.15360000e-01  7.91438190e-01  1.15360000e-01  7.91444915e-01  1.15360000e-01  1.31769701e+00  1.15360000e-01  7.88145675e-01  1.15360000e-01  7.91322174e-01  1.15360000e-01  7.91322174e-01 
 1.31360000e-01  2.42021360e-01  1.31360000e-01  7.00000000e-01  1.31360000e-01  7.00000000e-01  1.31360000e-01  0.00000000e+00  1.31360000e-01  7.91438196e-01  1.31360000e-01  7.91444920e-01  1.31360000e-01  1.31769702e+00  1.31360000e-01  7.88145684e-01  1.31360000e-01  7.91322180e-01  1.31360000e-01  7.91322180e-01 
 1.47360000e-01  2.42021358e-01  1.47360000e-01  7.00000000e-01  1.47360000e-01  7.00000000e-01  1.47360000e-01  0.00000000e+00  1.47360000e-01  7.91438190e-01  1.47360000e-01  7.91444915e-01  1.47360000e-01  1.31769701e+00  1.47360000e-01  7.88145675e-01  1.47360000e-01  7.91322174e-01  1.47360000e-01  7.91322174e-01 
 1.63360000e-01  2.42021360e-01  1.63360000e-01  7.00000000e-01  1.63360000e-01  7.00000000e-01  1.63360000e-01  0.00000000e+00  1.63360000e-01  7.91438196e-01  1.63360000e-01  7.91444920e-01  1.63360000e-01  1.31769702e+00  1.63360000e-01  7.88145684e-01  1.63360000e-01  7.91322180e-01  1.63360000e-01  7.91322180e-01 
 1.71680000e-01  2.42021358e-01  1.71680000e-01  7.00000000e-01  1.71680000e-01  7.00000000e-01  1.71680000e-01  0.00000000e+00  1.71680000e-01  7.91438190e-01  1.71680000e-01  7.91444915e-01  1.71680000e-01  1.31769701e+00  1.71680000e-01  7.88145675e-01  1.71680000e-01  7.91322174e-01  1.71680000e-01  7.91322174e-01 
 1.80000000e-01  2.42021360e-01  1.80000000e-01  7.00000000e-01  1.80000000e-01  7.00000000e-01  1.80000000e-01  0.00000000e+00  1.80000000e-01  7.91438196e-01  1.80000000e-01  7.91444920e-01  1.80000000e-01  1.31769702e+00  1.80000000e-01  7.88145684e-01  1.80000000e-01  7.91322180e-01  1.80000000e-01  7.91322180e-01 
 1.81600000e-01  2.50272133e-01  1.81600000e-01  7.00000000e-01  1.81600000e-01  7.48000000e-01  1.81600000e-01  8.00000000e-02  1.81600000e-01  7.82273059e-01  1.81600000e-01  7.82279301e-01  1.81600000e-01  1.18597470e+00  1.81600000e-01  7.79212967e-01  1.81600000e-01  7.82165296e-01  1.81600000e-01  7.82165296e-01 
 1.84800000e-01  2.79730675e-01  1.84800000e-01  7.00000000e-01  1.84800000e-01  8.44000000e-01  1.84800000e-01  2.40000000e-01  1.84800000e-01  7.64955568e-01  1.84800000e-01  7.64960715e-01  1.84800000e-01  1.00336721e+00  1.84800000e-01  7.64665176e-01  1.84800000e-01  7.64866710e-01  1.84800000e-01  7.64866710e-01 
 1.91200000e-01  4.37011740e-01  1.91200000e-01  7.00000000e-01  1.91200000e-01  1.03600000e+00  1.91200000e-01  5.60000000e-01  1.91200000e-01  7.83513334e-01  1.91200000e-01  7.83512820e-01  1.91200000e-01  8.42094384e-01  1.91200000e-01  8.48123798e-01  1.91200000e-01  7.83522200e-01  1.91200000e-01  7.83522200e-01 
 2.00000000e-01  9.63024249e-01  2.00000000e-01  7.00000000e-01  2.00000000e-01  1.30000000e+00  2.00000000e-01  1.00000000e+00  2.00000000e-01  9.07543912e-01  2.00000000e-01  9.07523846e-01  2.00000000e-01  8.53716612e-01  2.00000000e-01  1.25861319e+00  2.00000000e-01  9.07890108e-01  2.00000000e-01  9.07890108e-01 
 2.01280000e-01  9.63024246e-01  2.01280000e-01  7.00000000e-01  2.01280000e-01  1.30000000e+00  2.01280000e-01  1.00000000e+00  2.01280000e-01  9.07543913e-01  2.01280000e-01  9.07523846e-01  2.01280000e-01  8.53716612e-01  2.01280000e-01  1.25861319e+00  2.01280000e-01  9.07890109e-01  2.01280000e-01  9.07890109e-01 
 2.03840000e-01  9.63024253e-01  2.03840000e-01  7.00000000e-01  2.03840000e-01  1.30000000e+00  2.03840000e-01  1.00000000e+00  2.03840000e-01  9.07543914e-01  2.03840000e-01  9.07523847e-01  2.03840000e-01  8.53716613e-01  2.03840000e-01  1.25861319e+00  2.03840000e-01  9.07890110e-01  2.03840000e-01  9.07890110e-01 
 2.08960000e-01  9.63024263e-01  2.08960000e-01  7.00000000e-01  2.08960000e-01  1.30000000e+00  2.08960000e-01  1.00000000e+00  2.08960000e-01  9.07543920e-01  2.08960000e-01  9.07523853e-01  2.08960000e-01  8.53716614e-01  2.08960000e-01  1.25861319e+00  2.08960000e-01  9.07890116e-01  2.08960000e-01  9.07890116e-01 
 2.19200000e-01  9.63024253e-01  2.19200000e-01  7.00000000e-01  2.19200000e-01  1.30000000e+00  2.19200000e-01  1.00000000e+00  2.19200000e-01  9.07543914e-01  2.19200000e-01  9.07523847e-01  2.19200000e-01  8.53716613e-01  2.19200000e-01  1.25861319e+00  2.19200000e-01  9.07890110e-01  2.19200000e-01  9.07890110e-01 
 2.35200000e-01  9.63024263e-01  2.35200000e-01  7.00000000e-01  2.35200000e-01  1.30000000e+00  2.35200000e-01  1.00000000e+00  2.35200000e-01  9.07543920e-01  2.35200000e-01  9.07523853e-01  2.35200000e-01  8.53716614e-01  2.35200000e-01  1.25861319e+00  2.35200000e-01  9.07890116e-01  2.35200000e-01  9.07890116e-01 
 2.51200000e-01  9.63024253e-01  2.51200000e-01  7.00000000e-01  2.51200000e-01  1.30000000e+00  2.51200000e-01  1.00000000e+00  2.51200000e-01  9.07543914e-01  2.51200000e-01  9.07523847e-01  2.51200000e-01  8.53716613e-01  2.51200000e-01  1.25861319e+00  2.51200000e-01  9.07890110e-01  2.51200000e-01  9.07890110e-01 
 2.67200000e-01  9.63024263e-01  2.67200000e-01  7.00000000e-01  2.67200000e-01  1.30000000e+00  2.67200000e-01  1.00000000e+00  2.67200000e-01  9.07543920e-01  2.67200000e-01  9.07523853e-01  2.67200000e-01  8.53716614e-01  2.67200000e-01  1.25861319e+00  2.67200000e-01  9.07890116e-01  2.67200000e-01  9.07890116e-01 
 2.83200000e-01  9.63024253e-01  2.83200000e-01  7.00000000e-01  2.83200000e-01  1.30000000e+00  2.83200000e-01  1.00000000e+00  2.83200000e-01  9.07543914e-01  2.83200000e-01  9.07523847e-01  2.83200000e-01  8.53716613e-01  2.83200000e-01  1.25861319e+00  2.83200000e-01  9.07890110e-01  2.83200000e-01  9.07890110e-01 
 2.99200000e-01  9.63024263e-01  2.99200000e-01  7.00000000e-01  2.99200000e-01  1.30000000e+00  2.99200000e-01  1.00000000e+00  2.99200000e-01  9.07543920e-01  2.99200000e-01  9.07523853e-01  2.99200000e-01  8.53716614e-01  2.99200000e-01  1.25861319e+00  2.99200000e-01  9.07890116e-01  2.99200000e-01  9.07890116e-01 
 3.15200000e-01  9.63024253e-01  3.15200000e-01  7.00000000e-01  3.15200000e-01  1.30000000e+00  3.15200000e-01  1.00000000e+00  3.15200000e-01  9.07543914e-01  3.15200000e-01  9.07523847e-01  3.15200000e-01  8.53716613e-01  3.15200000e-01  1.25861319e+00  3.15200000e-01  9.07890110e-01  3.15200000e-01  9.07890110e-01 
 3.31200000e-01  9.63024263e-01  3.31200000e-01  7.00000000e-01  3.31200000e-01  1.30000000e+00  3.31200000e-01  1.00000000e+00  3.31200000e-01  9.07543920e-01  3.31200000e-01  9.07523853e-01  3.31200000e-01  8.53716614e-01  3.31200000e-01  1.25861319e+00  3.31200000e-01  9.07890116e-01  3.31200000e-01  9.07890116e-01 
 3.47200000e-01  9.63024253e-01  3.47200000e-01  7.00000000e-01  3.47200000e-01  1.30000000e+00  3.47200000e-01  1.00000000e+00  3.47200000e-01  9.07543914e-01  3.47200000e-01  9.07523847e-01  3.47200000e-01  8.53716613e-01  3.47200000e-01  1.25861319e+00  3.47200000e-01  9.07890110e-01  3.47200000e-01  9.07890110e-01 
 3.63200000e-01  9.63024263e-01  3.63200000e-01  7.00000000e-01  3.63200000e-01  1.30000000e+00  3.63200000e-01  1.00000000e+00  3.63200000e-01  9.07543920e-01  3.63200000e-01  9.07523853e-01  3.63200000e-01  8.53716614e-01  3.63200000e-01  1.25861319e+00  3.63200000e-01  9.07890116e-01  3.63200000e-01  9.07890116e-01 
 3.71600000e-01  9.63024253e-01  3.71600000e-01  7.00000000e-01  3.71600000e-01  1.30000000e+00  3.71600000e-01  1.00000000e+00  3.71600000e-01  9.07543914e-01  3.71600000e-01  9.07523847e-01  3.71600000e-01  8.53716613e-01  3.71600000e-01  1.25861319e+00  3.71600000e-01  9.07890110e-01  3.71600000e-01  9.07890110e-01 
 3.80000000e-01  9.63024263e-01  3.80000000e-01  7.00000000e-01  3.80000000e-01  1.30000000e+00  3.80000000e-01  1.00000000e+00  3.80000000e-01  9.07543920e-01  3.80000000e-01  9.07523853e-01  3.80000000e-01  8.53716614e-01  3.80000000e-01  1.25861319e+00  3.80000000e-01  9.07890116e-01  3.80000000e-01  9.07890116e-01 
 3.81600000e-01  7.17415989e-01  3.81600000e-01  7.48000000e-01  3.81600000e-01  1.25200000e+00  3.81600000e-01  1.00000000e+00  3.81600000e-01  8.57401989e-01  3.81600000e-01  8.57390493e-01  3.81600000e-01  8.23977418e-01  3.81600000e-01  1.07662382e+00  3.81600000e-01  8.57600378e-01  3.81600000e-01  8.57600378e-01 
 3.84800000e-01  4.74882502e-01  3.84800000e-01  8.44000000e-01  3.84800000e-01  1.15600000e+00  3.84800000e-01  1.00000000e+00  3.84800000e-01  7.71074487e-01  3.84800000e-01  7.71073494e-01  3.84800000e-01  7.67894310e-01  3.84800000e-01  8.34970718e-01  3.84800000e-01  7.71091631e-01  3.84800000e-01  7.71091631e-01 
 3.91200000e-01  4.06088376e-01  3.91200000e-01  1.03600000e+00  3.91200000e-01  9.64000000e-01  3.91200000e-01  1.00000000e+00  3.91200000e-01  7.20583756e-01  3.91200000e-01  7.20587298e-01  3.91200000e-01  7.32513887e-01  3.91200000e-01  7.18830885e-01  3.91200000e-01  7.20635425e-01  3.91200000e-01  7.20635425e-01 
 4.00000000e-01  9.06317061e-01  4.00000000e-01  1.30000000e+00  4.00000000e-01  7.00000000e-01  4.00000000e-01  1.00000000e+00  4.00000000e-01  1.19498282e+00  4.00000000e-01  1.18811099e+00  4.00000000e-01  8.84573246e-01  4.00000000e-01  9.49163507e-01  4.00000000e-01  1.23277579e+00  4.00000000e-01  1.23277579e+00 
 4.01280000e-01  9.06317061e-01  4.01280000e-01  1.30000000e+00  4.01280000e-01  7.00000000e-01  4.01280000e-01  1.00000000e+00  4.01280000e-01  1.19498282e+00  4.01280000e-01  1.18811099e+00  4.01280000e-01  8.84573246e-01  4.01280000e-01  9.49163507e-01  4.01280000e-01  1.23277579e+00  4.01280000e-01  1.23277579e+00 
 4.03840000e-01  9.06317061e-01  4.03840000e-01  1.30000000e+00  4.03840000e-01  7.00000000e-01  4.03840000e-01  1.00000000e+00  4.03840000e-01  1.19498282e+00  4.03840000e-01  1.18811099e+00  4.03840000e-01  8.84573246e-01  4.03840000e-01  9.49163507e-01  4.03840000e-01  1.23277579e+00  4.03840000e-01  1.23277579e+00 
 4.08960000e-01  9.06317061e-01  4.08960000e-01  1.30000000e+00  4.08960000e-01  7.00000000e-01  4.08960000e-01  1.00000000e+00  4.08960000e-01  1.19498282e+00  4.08960000e-01  1.18811099e+00  4.08960000e-01  8.84573246e-01  4.08960000e-01  9.49163507e-01  4.08960000e-01  1.23277579e+00  4.08960000e-01  1.23277579e+00 
 4.19200000e-01  9.06317061e-01  4.19200000e-01  1.30000000e+00  4.19200000e-01  7.00000000e-01  4.19200000e-01  1.00000000e+00  4.19200000e-01  1.19498282e+00  4.19200000e-01  1.18811099e+00  4.19200000e-01  8.84573246e-01  4.19200000e-01  9.49163507e-01  4.19200000e-01  1.23277579e+00  4.19200000e-01  1.23277579e+00 
 4.35200000e-01  9.06317061e-01  4.35200000e-01  1.30000000e+00  4.35200000e-01  7.00000000e-01  4.35200000e-01  1.00000000e+00  4.35200000e-01  1.19498282e+00  4.35200000e-01  1.18811099e+00  4.35200000e-01  8.84573246e-01  4.35200000e-01  9.49163507e-01  4.35200000e-01  1.23277579e+00  4.35200000e-01  1.23277579e+00 
 4.51200000e-01  9.06317061e-01  4.51200000e-01  1.30000000e+00  4.51200000e-01  7.00000000e-01  4.51200000e-01  1.00000000e+00  4.51200000e-01  1.19498282e+00  4.51200000e-01  1.18811099e+00  4.51200000e-01  8.84573246e-01  4.51200000e-01  9.49163507e-01  4.51200000e-01  1.23277579e+00  4.51200000e-01  1.23277579e+00 
 4.67200000e-01  9.06317061e-01  4.67200000e-01  1.30000000e+00  4.67200000e-01  7.00000000e-01  4.67200000e-01  1.00000000e+00  4.67200000e-01  1.19498282e+00  4.67200000e-01  1.18811099e+00  4.67200000e-01  8.84573246e-01  4.67200000e-01  9.49163507e-01  4.67200000e-01  1.23277579e+00  4.67200000e-01  1.23277579e+00 
 4.83200000e-01  9.06317061e-01  4.83200000e-01  1.30000000e+00  4.83200000e-01  7.00000000e-01  4.83200000e-01  1.00000000e+00  4.83200000e-01  1.19498282e+00  4.83200000e-01  1.18811099e+00  4.83200000e-01  8.84573246e-01  4.83200000e-01  9.49163507e-01  4.83200000e-01  1.23277579e+00  4.83200000e-01  1.23277579e+00 
 4.99200000e-01  9.06317061e-01  4.99200000e-01  1.30000000e+00  4.99200000e-01  7.00000000e-01  4.99200000e-01  1.00000000e+00  4.99200000e-01  1.19498282e+00  4.99200000e-01  1.18811099e+00  4.99200000e-01  8.84573246e-01  4.99200000e-01  9.49163507e-01  4.99200000e-01  1.23277579e+00  4.99200000e-01  1.23277579e+00 
 5.15200000e-01  9.06317061e-01  5.15200000e-01  1.30000000e+00  5.15200000e-01  7.00000000e-01  5.15200000e-01  1.00000000e+00  5.15200000e-01  1.19498282e+00  5.15200000e-01  1.18811099e+00  5.15200000e-01  8.84573246e-01  5.15200000e-01  9.49163507e-01  5.15200000e-01  1.23277579e+00  5.15200000e-01  1.23277579e+00 
 5.31200000e-01  9.06317061e-01  5.31200000e-01  1.30000000e+00  5.31200000e-01  7.00000000e-01  5.31200000e-01  1.00000000e+00  5.31200000e-01  1.19498282e+00  5.31200000e-01  1.18811099e+00  5.31200000e-01  8.84573246e-01  5.31200000e-01  9.49163507e-01  5.31200000e-01  1.23277579e+00  5.31200000e-01  1.23277579e+00 
 5.47200000e-01  9.06317061e-01  5.47200000e-01  1.30000000e+00  5.47200000e-01  7.00000000e-01  5.47200000e-01  1.00000000e+00  5.47200000e-01  1.19498282e+00  5.47200000e-01  1.18811099e+00  5.47200000e-01  8.84573246e-01  5.47200000e-01  9.49163507e-01  5.47200000e-01  1.23277579e+00  5.47200000e-01  1.23277579e+00 
 5.63200000e-01  9.06317061e-01  5.63200000e-01  1.30000000e+00  5.63200000e-01  7.00000000e-01  5.63200000e-01  1.00000000e+00  5.63200000e-01  1.19498282e+00  5.63200000e-01  1.18811099e+00  5.63200000e-01  8.84573246e-01  5.63200000e-01  9.49163507e-01  5.63200000e-01  1.23277579e+00  5.63200000e-01  1.23277579e+00 
 5.71600000e-01  9.06317061e-01  5.71600000e-01  1.30000000e+00  5.71600000e-01  7.00000000e-01  5.71600000e-01  1.00000000e+00  5.71600000e-01  1.19498282e+00  5.71600000e-01  1.18811099e+00  5.71600000e-01  8.84573246e-01  5.71600000e-01  9.49163507e-01  5.71600000e-01  1.23277579e+00  5.71600000e-01  1.23277579e+00 
 5.80000000e-01  9.06317061e-01  5.80000000e-01  1.30000000e+00  5.80000000e-01  7.00000000e-01  5.80000000e-01  1.00000000e+00  5.80000000e-01  1.19498282e+00  5.80000000e-01  1.18811099e+00  5.80000000e-01  8.84573246e-01  5.80000000e-01  9.49163507e-01  5.80000000e-01  1.23277579e+00  5.80000000e-01  1.23277579e+00 
 5.81600000e-01  7.53638508e-01  5.81600000e-01  1.30000000e+00  5.81600000e-01  7.48000000e-01  5.81600000e-01  9.20000000e-01  5.81600000e-01  1.09351515e+00  5.81600000e-01  1.08795184e+00  5.81600000e-01  8.62517168e-01  5.81600000e-01  9.11650124e-01  5.81600000e-01  1.12427442e+00  5.81600000e-01  1.12427442e+00 
 5.84800000e-01  5.43290025e-01  5.84800000e-01  1.30000000e+00  5.84800000e-01  8.44000000e-01  5.84800000e-01  7.60000000e-01  5.84800000e-01  9.43309649e-01  5.84800000e-01  9.39496670e-01  5.84800000e-01  8.24554317e-01  5.84800000e-01  8.47103303e-01  5.84800000e-01  9.64766978e-01  5.84800000e-01  9.64766978e-01 
 5.91200000e-01  3.17550498e-01  5.91200000e-01  1.30000000e+00  5.91200000e-01  1.03600000e+00  5.91200000e-01  4.40000000e-01  5.91200000e-01  7.97986004e-01  5.91200000e-01  7.96425637e-01  5.91200000e-01  7.90544926e-01  5.91200000e-01  7.79729506e-01  5.91200000e-01  8.07553449e-01  5.91200000e-01  8.07553449e-01 
 6.00000000e-01  2.44646348e-01  6.00000000e-01  1.30000000e+00  6.00000000e-01  1.30000000e+00  6.00000000e-01  0.00000000e+00  6.00000000e-01  8.07157522e-01  6.00000000e-01  8.07163798e-01  6.00000000e-01  8.27081552e-01  6.00000000e-01  8.16323285e-01  6.00000000e-01  8.07049209e-01  6.00000000e-01  8.07049209e-01 
 6.01280000e-01  2.44646351e-01  6.01280000e-01  1.30000000e+00  6.01280000e-01  1.30000000e+00  6.01280000e-01  0.00000000e+00  6.01280000e-01  8.07157529e-01  6.01280000e-01  8.07163805e-01  6.01280000e-01  8.27081555e-01  6.01280000e-01  8.16323289e-01  6.01280000e-01  8.07049216e-01  6.01280000e-01  8.07049216e-01 
 6.03840000e-01  2.44646347e-01  6.03840000e-01  1.30000000e+00  6.03840000e-01  1.30000000e+00  6.03840000e-01  0.00000000e+00  6.03840000e-01  8.07157524e-01  6.03840000e-01  8.07163800e-01  6.03840000e-01  8.27081562e-01  6.03840000e-01  8.16323287e-01  6.03840000e-01  8.07049211e-01  6.03840000e-01  8.07049211e-01 
 6.08960000e-01  2.44646351e-01  6.08960000e-01  1.30000000e+00  6.08960000e-01  1.30000000e+00  6.08960000e-01  0.00000000e+00  6.08960000e-01  8.07157529e-01  6.08960000e-01  8.07163805e-01  6.08960000e-01  8.27081555e-01  6.08960000e-01  8.16323289e-01  6.08960000e-01  8.07049216e-01  6.08960000e-01  8.07049216e-01 
 6.19200000e-01  2.44646347e-01  6.19200000e-01  1.30000000e+00  6.19200000e-01  1.30000000e+00  6.19200000e-01  0.00000000e+00  6.19200000e-01  8.07157524e-01  6.19200000e-01  8.07163800e-01  6.19200000e-01  8.27081562e-01  6.19200000e-01  8.16323287e-01  6.19200000e-01  8.07049211e-01  6.19200000e-01  8.07049211e-01 
 6.35200000e-01  2.44646351e-01  6.35200000e-01  1.30000000e+00  6.35200000e-01  1.30000000e+00  6.35200000e-01  0.00000000e+00  6.35200000e-01  8.07157529e-01  6.35200000e-01  8.07163805e-01  6.35200000e-01  8.27081555e-01  6.35200000e-01  8.16323289e-01  6.35200000e-01  8.07049216e-01  6.35200000e-01  8.07049216e-01 
 6.51200000e-01  2.44646347e-01  6.51200000e-01  1.30000000e+00  6.51200000e-01  1.30000000e+00  6.51200000e-01  0.00000000e+00  6.51200000e-01  8.07157524e-01  6.51200000e-01  8.07163800e-01  6.51200000e-01  8.27081562e-01  6.51200000e-01  8.16323287e-01  6.51200000e-01  8.07049211e-01  6.51200000e-01  8.07049211e-01 
 6.67200000e-01  2.44646351e-01  6.67200000e-01  1.30000000e+00  6.67200000e-01  1.30000000e+00  6.67200000e-01  0.00000000e+00  6.67200000e-01  8.07157529e-01  6.67200000e-01  8.07163805e-01  6.67200000e-01  8.27081555e-01  6.67200000e-01  8.16323289e-01  6.67200000e-01  8.07049216e-01  6.67200000e-01  8.07049216e-01 
 6.83200000e-01  2.44646347e-01  6.83200000e-01  1.30000000e+00  6.83200000e-01  1.30000000e+00  6.83200000e-01  0.00000000e+00  6.83200000e-01  8.07157524e-01  6.83200000e-01  8.07163800e-01  6.83200000e-01  8.27081562e-01  6.83200000e-01  8.16323287e-01  6.83200000e-01  8.07049211e-01  6.83200000e-01  8.07049211e-01 
 6.99200000e-01  2.44646351e-01  6.99200000e-01  1.30000000e+00  6.99200000e-01  1.30000000e+00  6.99200000e-01  0.00000000e+00  6.99200000e-01  8.07157529e-01  6.99200000e-01  8.07163805e-01  6.99200000e-01  8.27081555e-01  6.99200000e-01  8.16323289e-01  6.99200000e-01  8.07049216e-01  6.99200000e-01  8.07049216e-01 
 7.15200000e-01  2.44646347e-01  7.15200000e-01  1.30000000e+00  7.15200000e-01  1.30000000e+00  7.15200000e-01  0.00000000e+00  7.15200000e-01  8.07157524e-01  7.15200000e-01  8.07163800e-01  7.15200000e-01  8.27081562e-01  7.15200000e-01  8.16323287e-01  7.15200000e-01  8.07049211e-01  7.15200000e-01  8.07049211e-01 
 7.31200000e-01  2.44646351e-01  7.31200000e-01  1.30000000e+00  7.31200000e-01  1.30000000e+00  7.31200000e-01  0.00000000e+00  7.31200000e-01  8.07157529e-01  7.31200000e-01  8.07163805e-01  7.31200000e-01  8.27081555e-01  7.31200000e-01  8.16323289e-01  7.31200000e-01  8.07049216e-01  7.31200000e-01  8.07049216e-01 
 7.47200000e-01  2.44646347e-01  7.47200000e-01  1.30000000e+00  7.47200000e-01  1.30000000e+00  7.47200000e-01  0.00000000e+00  7.47200000e-01  8.07157524e-01  7.47200000e-01  8.07163800e-01  7.47200000e-01  8.27081562e-01  7.47200000e-01  8.16323287e-01  7.47200000e-01  8.07049211e-01  7.47200000e-01  8.07049211e-01 
 7.63200000e-01  2.44646351e-01  7.63200000e-01  1.30000000e+00  7.63200000e-01  1.30000000e+00  7.63200000e-01  0.00000000e+00  7.63200000e-01  8.07157529e-01  7.63200000e-01  8.07163805e-01  7.63200000e-01  8.27081555e-01  7.63200000e-01  8.16323289e-01  7.63200000e-01  8.07049216e-01  7.63200000e-01  8.07049216e-01 
 7.71600000e-01  2.44646347e-01  7.71600000e-01  1.30000000e+00  7.71600000e-01  1.30000000e+00  7.71600000e-01  0.00000000e+00  7.71600000e-01  8.07157524e-01  7.71600000e-01  8.07163800e-01  7.71600000e-01  8.27081562e-01  7.71600000e-01  8.16323287e-01  7.71600000e-01  8.07049211e-01  7.71600000e-01  8.07049211e-01 
 7.80000000e-01  2.44646351e-01  7.80000000e-01  1.30000000e+00  7.80000000e-01  1.30000000e+00  7.80000000e-01  0.00000000e+00  7.80000000e-01  8.07157529e-01  7.80000000e-01  8.07163805e-01  7.80000000e-01  8.27081555e-01  7.80000000e-01  8.16323289e-01  7.80000000e-01  8.07049216e-01  7.80000000e-01  8.07049216e-01 
 7.81600000e-01  2.44646347e-01  7.81600000e-01  1.30000000e+00  7.81600000e-01  1.30000000e+00  7.81600000e-01  0.00000000e+00  7.81600000e-01  8.07157524e-01  7.81600000e-01  8.07163800e-01  7.81600000e-01  8.27081562e-01  7.81600000e-01  8.16323287e-01  7.81600000e-01  8.07049211e-01  7.81600000e-01  8.07049211e-01 
 7.84800000e-01  2.44646351e-01  7.84800000e-01  1.30000000e+00  7.84800000e-01  1.30000000e+00  7.84800000e-01  0.00000000e+00  7.84800000e-01  8.07157529e-01  7.84800000e-01  8.07163805e-01  7.84800000e-01  8.27081555e-01  7.84800000e-01  8.16323289e-01  7.84800000e-01  8.07049216e-01  7.84800000e-01  8.07049216e-01 
 7.91200000e-01  2.44646347e-01  7.91200000e-01  1.30000000e+00  7.91200000e-01  1.30000000e+00  7.91200000e-01  0.00000000e+00  7.91200000e-01  8.07157524e-01  7.91200000e-01  8.07163800e-01  7.91200000e-01  8.27081562e-01  7.91200000e-01  8.16323287e-01  7.91200000e-01  8.07049211e-01  7.91200000e-01  8.07049211e-01 
 8.00000000e-01  2.44646351e-01  8.00000000e-01  1.30000000e+00  8.00000000e-01  1.30000000e+00  8.00000000e-01  0.00000000e+00  8.00000000e-01  8.07157529e-01  8.00000000e-01  8.07163805e-01  8.00000000e-01  8.27081555e-01  8.00000000e-01  8.16323289e-01  8.00000000e-01  8.07049216e-01  8.00000000e-01  8.07049216e-01 
